0.100000 9.677588 0.613136 0.199835
0.109800 8.482600 0.430380 0.176307
0.120400 7.524653 0.334033 0.149988
0.132000 6.689735 0.261659 0.146894
0.144600 5.979334 0.199311 0.125703
0.158600 5.332639 0.160624 0.111666
0.173800 4.766845 0.125409 0.106323
0.190600 4.251102 0.087127 0.083798
0.209000 3.787861 0.071733 0.073687
0.229200 3.363444 0.055416 0.073367
0.251200 2.980892 0.043504 0.061227
0.275600 2.628447 0.035522 0.051361
0.302000 2.311426 0.028617 0.046560
0.331200 2.019324 0.022642 0.039448
0.363200 1.753304 0.015700 0.036225
0.398200 1.511301 0.012091 0.030888
0.436600 1.290426 0.010269 0.026833
0.478800 1.088555 0.008006 0.021074
0.525000 0.904762 0.006312 0.018451
0.575600 0.737318 0.005119 0.014657
0.631000 0.584786 0.003733 0.012341
0.692000 0.445087 0.003435 0.009931
0.758600 0.318218 0.002814 0.006485
0.831800 0.202212 0.002393 0.004790
0.912200 0.096251 0.002240 0.003484

