0 1
0 1215
0 2622
1 2
1 276
1 711
1 2061
1 2890
1 2906
2 1296
2 2533
3 4
3 8
3 12
3 15
3 35
3 41
3 67
3 68
3 69
3 70
3 71
3 2214
3 2519
4 5
4 6
4 7
4 8
4 2916
5 6
5 7
5 8
5 789
5 2576
6 7
6 8
6 10
6 12
6 49
6 585
6 789
6 2105
6 2114
6 2117
6 2167
6 2527
6 2772
6 2916
7 8
7 10
7 12
7 417
7 682
7 780
7 789
7 2114
7 2527
8 12
8 14
8 90
8 197
8 204
8 233
8 789
8 858
8 1707
8 2214
8 2686
9 10
9 12
9 369
9 372
9 407
9 805
10 11
10 267
10 485
10 535
10 813
10 2538
10 2916
11 12
11 947
11 1257
11 1829
12 13
12 14
12 15
12 16
12 17
12 18
12 19
12 20
12 403
12 484
12 2478
12 2771
12 2855
12 2888
12 2916
12 2917
13 622
13 1085
13 2173
13 2201
13 2494
13 2528
13 2692
13 2846
14 185
14 1234
14 1388
14 1530
14 1672
14 1695
14 1703
14 1788
14 1806
14 2064
15 18
15 21
15 33
15 68
15 69
15 124
15 128
15 148
15 174
15 418
15 935
15 1012
15 1213
15 1303
15 1337
15 1339
15 1386
15 1388
15 1705
15 1964
15 2290
16 94
16 571
16 602
16 722
16 791
16 955
16 1124
16 1199
16 1200
16 1201
16 1515
16 2173
16 2201
16 2300
16 2494
16 2528
17 1598
17 2105
17 2164
17 2231
17 2527
18 21
18 22
18 33
18 390
18 532
18 1035
18 2895
19 107
19 339
19 414
19 656
19 839
19 841
19 860
19 975
19 2107
19 2166
19 2612
20 51
20 2105
20 2107
20 2290
20 2618
21 22
21 458
21 480
21 481
21 558
21 1575
21 1991
21 2277
21 2280
21 2888
21 2895
22 33
22 482
22 558
22 1173
22 2147
23 24
23 2472
24 217
24 1138
24 2418
24 2419
24 2702
25 26
25 2309
25 2310
26 484
26 2909
27 28
27 33
27 36
27 51
27 374
27 383
27 405
27 2147
27 2827
28 29
28 30
28 32
28 414
28 445
28 1597
28 1692
28 2068
28 2091
29 41
29 367
29 440
29 524
29 611
29 1120
29 1121
29 1122
29 1767
29 1783
29 2188
29 2191
29 2769
30 1303
30 1377
31 35
31 44
31 83
31 126
31 205
31 206
31 212
31 257
31 409
31 512
31 636
31 716
31 795
31 969
31 984
31 1041
31 1043
31 1565
31 1575
31 2068
31 2091
31 2115
31 2118
31 2210
32 36
32 75
32 107
32 212
32 304
32 388
32 391
32 414
32 1091
32 1170
32 1178
32 1347
32 1565
32 1862
32 2078
32 2102
32 2109
32 2149
32 2209
32 2452
32 2860
32 2889
32 2903
33 34
33 35
33 385
33 481
33 482
33 2077
33 2518
33 2888
33 2895
34 35
34 69
34 482
34 1470
34 2148
34 2519
35 385
35 405
35 1688
35 1755
35 1861
35 2147
35 2330
35 2390
35 2519
35 2520
35 2684
35 2854
36 1247
37 283
37 1540
38 39
38 40
38 44
38 60
38 397
38 437
38 438
38 442
38 494
38 517
38 530
38 537
38 543
38 545
38 763
38 862
38 1533
38 1534
38 1569
38 1572
38 1646
38 2058
38 2232
39 40
39 41
39 42
39 396
39 420
39 421
39 441
39 627
39 989
39 1464
39 2207
39 2478
39 2484
39 2531
39 2882
39 2900
39 2933
40 441
40 445
40 446
40 535
40 857
40 862
40 2233
40 2234
40 2235
40 2356
41 222
41 1122
41 1307
41 2592
42 44
42 397
42 437
42 438
42 442
42 530
42 533
42 535
42 543
42 545
42 1535
42 2058
42 2344
43 44
43 201
43 202
43 446
43 635
43 1535
43 1753
44 45
44 46
44 375
44 444
44 1392
44 1404
44 2053
44 2105
44 2115
44 2453
44 2882
45 199
45 640
45 968
45 1296
45 1640
46 1512
46 2225
46 2237
46 2567
46 2891
47 367
47 442
47 455
47 541
47 1791
47 2082
48 49
48 542
48 1044
48 2147
49 2053
49 2114
49 2527
50 51
50 52
50 269
50 596
50 813
50 1102
50 2240
51 52
51 53
51 54
51 647
51 1043
51 1053
51 1264
52 102
52 813
52 1090
52 1896
52 2320
53 143
53 244
53 821
53 1770
54 118
54 158
54 1739
54 1742
54 1845
54 1892
54 2072
55 56
55 57
55 58
55 59
55 60
55 2556
56 170
56 173
56 419
56 863
56 902
56 916
56 996
56 1373
56 2269
56 2315
57 60
57 419
57 902
57 2071
57 2165
57 2577
57 2713
58 88
58 419
58 639
58 902
58 916
58 917
58 933
58 1255
58 1524
58 2071
58 2165
58 2259
59 224
59 988
60 124
60 419
60 902
60 988
60 1491
60 1513
60 1546
60 1663
60 1954
60 1955
60 2010
60 2163
60 2165
60 2440
60 2556
60 2713
61 62
61 228
61 229
61 230
61 231
61 399
61 1058
61 2138
61 2652
61 2722
62 63
62 451
62 757
62 824
62 841
62 1620
62 2136
62 2463
63 306
63 571
63 1007
63 1021
63 1145
63 1329
63 2317
63 2603
64 65
64 287
64 2455
65 66
66 830
66 2265
67 71
67 109
67 172
67 186
67 241
67 250
67 1125
67 1127
67 1217
67 1383
67 1568
67 2709
67 2731
68 2321
69 105
69 148
69 150
69 174
69 273
69 332
69 1307
69 1308
69 1309
69 1739
69 1769
69 1949
69 2519
70 166
70 838
70 1730
70 1731
70 1784
70 1800
70 1802
70 1855
70 1859
70 1861
70 1873
70 1882
70 1896
70 2599
71 75
71 115
71 184
71 186
71 241
71 250
71 266
71 267
71 779
71 1054
71 1098
71 1127
71 1157
71 1217
71 1383
71 2656
71 2709
71 2731
71 2748
71 2831
72 73
72 1047
72 1295
72 2305
72 2522
73 2154
73 2179
73 2562
74 812
74 984
74 2107
74 2148
74 2149
75 1322
75 2528
76 77
76 78
76 79
76 80
76 81
76 2740
77 78
77 205
77 547
77 1063
77 1613
77 1643
77 1800
78 140
78 201
78 567
78 924
79 621
79 726
79 727
79 856
79 920
79 1910
80 140
80 201
80 567
80 924
81 426
81 730
81 870
81 927
81 1098
81 1185
81 1606
81 1607
81 2171
81 2588
82 83
82 84
82 146
82 232
82 691
82 2315
82 2604
83 84
83 85
83 86
83 87
83 88
83 89
83 434
83 716
83 1059
83 2488
83 2641
84 85
84 181
84 241
84 714
84 716
84 862
84 2604
84 2675
85 89
85 116
85 124
85 143
85 178
85 183
85 653
85 895
85 1256
85 1257
85 1258
85 1259
85 1260
85 1499
86 716
86 784
86 2310
86 2534
87 434
87 461
87 716
87 1218
87 1490
87 2104
87 2114
87 2591
88 249
88 335
88 446
88 454
88 486
88 571
88 628
88 633
88 916
88 917
88 1255
88 1512
88 2155
88 2158
88 2233
88 2348
88 2832
89 92
89 112
89 146
89 461
89 556
89 716
89 753
89 1256
89 2542
89 2645
90 250
90 1429
90 2148
91 92
91 113
91 627
91 1257
91 1383
91 2276
91 2315
91 2604
91 2657
92 93
92 94
92 95
92 335
92 490
92 605
92 2067
92 2103
92 2483
92 2604
92 2672
92 2785
93 102
93 106
93 143
93 150
94 131
94 167
94 180
94 181
94 265
94 717
94 722
94 935
94 1145
94 1182
94 1204
94 1371
94 1837
94 1838
94 2255
94 2311
94 2567
94 2734
94 2736
95 223
95 597
95 998
95 1022
95 2522
95 2604
95 2785
96 97
96 789
96 1620
96 2478
96 2716
96 2797
96 2805
97 1327
97 1736
97 2395
97 2536
97 2537
98 99
98 100
98 1476
98 1941
98 2118
98 2127
99 100
99 574
99 809
99 1209
99 1418
99 2266
100 121
100 136
100 152
100 176
100 187
100 910
100 1839
100 1840
100 1862
100 1972
100 1992
100 2118
100 2258
100 2696
100 2708
101 102
101 246
101 850
101 1049
101 2759
102 103
102 104
102 105
102 106
102 107
102 108
102 109
102 110
102 722
102 821
102 1131
103 106
103 1030
103 1048
103 1182
103 2291
103 2856
104 2526
105 210
105 266
105 482
105 1307
105 1308
105 1309
105 1739
105 2519
106 512
106 965
106 988
106 2765
107 2107
108 273
108 603
108 1038
108 1715
108 1716
108 1759
108 1777
108 1778
108 1809
108 1855
108 1861
108 1927
108 1929
108 1930
108 1931
108 2335
108 2720
109 159
109 168
109 185
109 186
109 267
109 417
109 461
109 633
109 822
109 1000
109 1012
109 1013
109 1014
109 1018
109 1019
109 1145
109 1400
109 1401
109 1546
109 1655
109 2104
109 2604
110 396
110 988
110 1032
110 1045
110 1251
110 1613
110 1741
110 1937
110 1938
110 1939
110 2163
110 2324
110 2330
110 2375
110 2713
111 112
111 113
111 115
111 116
111 120
111 122
111 128
111 129
111 131
111 134
111 135
111 138
111 150
111 152
111 154
111 155
111 156
111 162
111 171
111 174
111 175
111 178
111 191
111 877
112 114
112 2696
113 115
113 117
113 119
113 131
113 132
113 133
113 137
113 154
113 164
113 249
113 254
113 255
113 256
113 257
113 258
113 259
113 1193
113 1328
113 1759
113 1760
113 2322
113 2447
114 324
114 2210
114 2322
114 2711
115 117
115 120
115 150
115 164
115 179
115 262
115 263
115 264
115 265
115 647
115 1511
115 1760
115 2322
116 141
116 147
116 171
116 183
116 259
116 659
116 894
116 895
116 896
116 1260
116 1284
116 1421
116 1685
116 2210
116 2358
117 173
117 258
117 1597
117 1759
117 2322
117 2472
117 2670
118 158
118 182
118 2027
118 2936
119 169
119 1284
119 1662
119 1825
120 123
120 142
120 1194
120 1225
120 1319
120 1468
120 1534
121 175
121 179
121 667
121 1202
121 1592
121 2059
121 2258
121 2509
121 2635
122 178
122 179
122 246
122 247
122 250
122 252
122 267
122 434
122 556
122 653
122 725
122 779
122 799
122 958
122 998
122 1017
122 1195
122 1236
122 1237
122 1238
122 1239
122 1284
122 2731
123 140
123 142
123 168
123 208
123 254
123 1194
123 1196
123 1197
123 1984
123 2606
124 623
124 653
124 902
124 1131
124 1184
124 1224
124 1229
124 1303
124 2257
124 2550
124 2936
125 139
125 1510
125 1754
125 2271
125 2322
125 2558
126 150
126 167
126 180
126 185
126 308
126 1279
126 1323
126 1337
126 1338
126 1339
126 1963
127 189
127 1029
127 1086
127 1087
127 1166
127 1358
127 2032
127 2804
128 185
128 207
128 250
128 251
128 697
128 1127
128 1323
128 1386
128 1387
128 1388
128 1739
129 135
129 873
129 1049
129 1267
130 2463
131 1269
131 2209
131 2695
132 916
132 919
132 1059
132 1181
132 1485
132 1677
132 1951
132 1959
132 2532
133 183
133 1293
133 1343
133 2225
134 171
134 182
134 499
134 896
134 2512
134 2738
134 2872
135 173
135 284
135 873
135 1255
135 1632
135 2150
135 2769
136 152
136 752
136 942
136 1840
136 2696
137 361
137 711
138 145
138 146
138 156
138 157
138 188
138 192
138 977
138 1186
138 1365
138 1367
138 1378
138 1409
138 1631
138 1632
138 1633
138 1770
138 1891
138 2291
139 600
139 1024
139 1557
139 2059
139 2118
139 2322
139 2775
140 819
140 1032
140 1195
140 2240
140 2265
140 2322
140 2711
141 147
141 178
141 183
141 659
141 850
141 893
141 895
141 1158
141 1448
141 1467
141 1469
142 254
142 361
142 1193
142 1194
142 1197
142 1327
142 1677
142 1678
143 146
143 148
143 167
143 171
143 178
143 186
143 291
143 529
143 1130
143 1354
143 1760
143 1770
143 1771
143 2322
143 2604
144 148
144 149
144 157
144 171
144 174
144 186
144 192
144 1131
144 1195
144 1224
144 1829
144 1888
144 1889
144 2734
145 149
145 151
145 157
145 173
145 178
145 192
145 258
145 352
145 657
145 675
145 1164
145 1368
145 1374
145 1674
145 1860
146 149
146 150
146 168
146 177
146 180
146 332
146 1613
146 1697
146 1763
147 162
147 252
147 259
147 659
147 696
147 894
147 895
147 1257
147 1258
147 1260
147 1448
147 1677
147 1681
147 1771
147 1947
147 2384
148 150
148 173
148 177
148 263
148 273
148 274
148 339
148 546
148 1213
148 1537
148 1695
148 1707
148 1763
148 1834
148 1933
148 1934
148 1936
148 1937
148 1939
148 2214
149 332
149 1186
150 154
150 155
150 159
150 165
150 173
150 177
150 180
150 1707
150 1725
150 1763
150 1933
150 1935
150 2247
151 167
151 180
151 181
151 182
151 1382
151 1655
152 179
152 354
152 1745
152 1825
152 1840
152 2557
153 1142
153 2322
154 159
154 172
154 179
154 1388
154 1440
154 1760
154 1977
154 2322
154 2550
154 2559
155 834
155 2060
156 188
156 332
156 603
156 846
156 1186
156 1870
156 1891
156 2450
156 2604
157 184
157 188
157 894
157 1186
157 1631
157 1891
157 1955
157 2479
158 1488
158 1892
159 165
159 180
159 186
159 1934
159 1938
159 1939
159 2267
159 2322
159 2479
159 2929
160 453
160 1368
160 1951
160 1992
160 2371
161 308
161 2028
162 171
162 183
162 259
162 895
162 896
162 1131
162 1186
162 1259
162 1489
162 1731
162 2124
162 2216
162 2358
163 174
163 197
163 417
163 697
163 1918
163 1972
163 2156
163 2554
164 173
164 174
164 180
164 265
164 1087
164 2322
165 1406
165 1532
165 1979
165 2820
166 938
166 1035
166 1339
166 1456
166 1731
166 1754
166 1784
166 1859
166 1908
166 2532
167 247
167 250
167 252
167 417
167 893
167 935
167 1224
167 1238
167 1239
167 1284
167 1303
167 1321
167 1337
167 1339
167 1381
167 1664
167 1964
167 2351
167 2353
167 2355
168 179
168 180
168 194
168 659
168 894
168 1273
168 1303
168 1321
168 1470
168 1760
168 1815
168 2322
168 2371
169 653
169 659
169 895
169 1139
169 1257
169 1258
169 1443
169 1771
169 2384
169 2571
170 196
170 247
170 252
170 263
170 1131
170 1388
170 1631
170 2315
170 2385
170 2734
171 178
171 181
171 247
171 396
171 653
171 693
171 745
171 935
171 1021
171 1145
171 1186
171 1473
171 1624
171 2165
171 2384
172 182
172 184
172 185
172 633
172 657
172 1273
172 1368
172 1457
172 2024
173 176
173 179
173 248
173 252
173 263
173 264
173 265
173 571
173 1420
173 1601
173 1631
173 1927
173 1966
173 2039
173 2387
173 2388
173 2752
174 180
174 197
174 254
174 332
174 1334
174 1695
174 1707
174 1760
174 1763
174 1769
174 1938
174 1939
174 2153
174 2214
174 2322
174 2388
174 2389
175 1003
175 1377
175 1918
175 1924
175 1994
175 1995
175 2258
175 2286
175 2509
175 2693
176 179
176 1745
176 1747
176 2075
176 2118
177 180
177 1697
177 2414
178 181
178 182
178 186
178 189
178 257
178 417
178 1021
178 1109
178 1145
178 1220
178 1337
178 1367
178 1382
178 2442
178 2525
178 2739
179 187
179 417
179 518
179 847
179 1469
179 2008
179 2022
179 2240
179 2322
179 2573
180 184
180 254
180 258
180 273
180 302
180 918
180 1933
180 1935
180 2322
180 2393
180 2669
180 2744
181 184
181 186
181 190
181 246
181 247
181 336
181 693
181 693
181 821
181 893
181 998
181 1017
181 1145
181 1219
181 1303
181 1515
181 1655
181 1934
181 2742
182 184
182 193
182 196
182 246
182 247
182 918
182 935
182 998
182 1017
182 1131
182 1334
182 1337
182 1339
182 1365
182 1934
182 1976
182 2676
183 249
183 259
183 659
183 891
183 894
183 895
183 1259
183 1260
183 1277
183 1281
183 1284
183 1448
183 1490
183 1621
183 1681
183 2358
184 192
184 246
184 257
184 301
184 918
184 998
184 1208
184 1261
184 1275
184 1322
184 1382
184 1655
184 1934
185 207
185 246
185 250
185 257
185 263
185 267
185 918
185 935
185 1019
185 1222
185 1303
185 1334
185 1382
185 1457
185 1580
185 2024
185 2734
186 246
186 247
186 267
186 1285
187 1745
187 1825
187 2557
188 228
188 304
188 332
188 603
188 1186
188 1632
188 1870
188 1891
189 195
189 252
189 1086
189 1087
189 1386
189 1387
189 2213
189 2322
190 247
190 896
190 949
190 1131
190 1218
190 1219
190 1359
190 1373
190 1377
190 1994
190 1995
190 2021
191 1773
192 943
192 1186
192 1333
192 1369
192 1632
192 1888
192 1891
192 2760
193 247
193 252
193 300
193 1040
193 1220
193 1303
193 1369
193 1386
193 2008
194 1974
195 602
195 896
195 967
195 1219
195 1253
195 1374
195 1375
195 1759
195 2824
196 403
196 1094
196 1421
196 1543
196 1737
196 1833
196 2915
197 417
197 697
197 1079
197 1460
197 1918
197 1972
198 199
198 591
198 718
198 858
198 1023
198 1042
198 1217
199 1552
199 2104
199 2315
199 2772
199 2881
200 334
200 746
200 749
200 766
200 2615
201 207
201 409
201 583
201 984
201 1214
201 2269
201 2315
201 2453
202 894
202 1114
202 1294
202 1382
203 204
203 293
203 294
203 295
203 564
203 1852
203 2131
203 2214
203 2592
204 301
204 996
204 2214
204 2563
205 206
205 207
205 917
205 2068
205 2296
205 2680
206 696
206 1170
206 1322
206 1323
206 1940
206 2836
207 366
207 383
207 813
207 935
208 209
208 733
208 748
208 852
208 940
208 1025
208 1026
210 211
210 212
210 385
210 691
210 1928
210 1975
210 2541
210 2752
210 2785
211 220
211 286
211 314
211 1567
211 2865
212 304
212 602
212 847
212 955
212 975
212 1322
212 1323
213 214
213 991
213 2690
214 215
214 216
214 446
214 726
214 728
214 737
215 284
215 881
215 882
215 1687
215 2770
216 487
216 605
216 727
216 1116
216 2542
217 218
217 220
217 252
217 272
217 273
217 697
217 891
217 1091
217 1124
217 1201
217 1254
217 1255
217 1707
217 1747
217 2183
218 219
218 220
218 1595
218 2201
218 2291
218 2356
218 2562
218 2563
219 223
219 313
219 592
219 610
219 614
219 616
219 685
219 1085
219 1161
219 1162
219 1620
219 1662
219 1988
219 2201
219 2299
219 2393
219 2662
220 224
220 269
220 604
220 1020
220 1069
220 1183
220 1355
220 1690
220 1708
220 1718
220 1928
220 1933
220 2113
220 2259
220 2269
220 2316
220 2449
220 2562
220 2563
220 2654
220 2718
220 2799
221 222
221 569
221 710
221 958
221 2111
221 2140
221 2436
222 877
222 2066
222 2068
222 2082
222 2090
222 2475
223 1492
223 2201
223 2563
223 2573
224 260
224 825
224 1561
224 1689
224 2537
225 226
225 410
225 1647
225 1705
225 1726
225 2130
225 2221
225 2242
225 2260
225 2738
226 227
226 409
226 642
226 839
226 1773
226 2130
226 2147
226 2221
226 2260
226 2336
226 2738
227 236
227 239
227 1353
227 1610
227 1629
227 2265
227 2473
227 2854
228 825
228 922
228 1143
228 1844
228 2265
228 2463
228 2613
228 2744
229 1864
229 2021
229 2256
229 2265
229 2287
229 2652
230 236
230 237
230 238
230 568
230 1132
230 1719
230 2644
230 2652
230 2795
230 2837
231 236
231 237
231 825
231 1143
231 1735
232 233
232 925
232 1055
232 1083
232 1255
232 1549
232 1614
232 2593
233 825
233 1083
233 1175
233 1890
233 2463
234 235
234 237
234 1175
235 915
235 1175
235 1655
235 1917
236 237
236 238
236 541
236 553
236 898
236 1001
236 1719
236 2265
236 2596
237 238
237 608
237 1172
237 1343
237 1344
237 1345
237 1346
237 1719
237 2257
237 2554
237 2730
238 693
238 753
238 1263
238 1567
238 1719
238 2076
238 2190
238 2265
239 395
239 1021
239 1175
239 1713
239 1719
239 2553
240 241
240 242
240 243
240 244
240 245
240 292
240 411
240 1014
240 1016
240 1020
240 1217
240 1322
240 1766
240 2539
241 242
241 243
241 1032
241 1150
241 1616
241 1721
241 2049
241 2264
241 2522
242 1154
242 1239
242 1365
242 2221
243 607
243 1014
243 1020
243 1234
243 1567
243 1819
243 2036
244 292
244 1634
244 2037
245 600
245 1033
246 247
246 248
246 249
246 289
246 1127
246 1224
246 1564
246 1586
246 2116
246 2626
246 2731
247 1127
247 1219
247 1564
247 2622
248 489
248 1219
248 1771
248 1901
248 2734
249 895
249 2358
250 251
250 252
250 1127
250 1536
250 1543
250 1878
250 2742
251 2581
252 300
252 1005
252 1255
252 1264
252 1303
252 1706
252 1771
252 1791
252 1913
253 366
253 733
253 905
253 1487
254 1197
254 1474
254 1592
254 1759
255 336
256 270
256 297
256 1653
257 300
257 301
257 591
257 733
257 740
257 848
257 1186
257 1463
257 1620
257 1633
257 1643
257 1671
257 1891
257 1943
257 2322
257 2369
257 2383
257 2567
257 2628
258 261
258 441
258 858
258 867
258 1542
258 1543
258 2322
258 2711
259 895
259 896
259 1131
259 1257
259 1258
259 1443
259 1846
260 261
260 1535
260 2207
260 2608
260 2722
261 1403
261 2904
262 265
262 266
262 418
262 1161
263 265
263 1888
263 2357
263 2734
264 654
264 657
264 1368
264 1539
264 1674
264 1784
264 1891
264 1951
265 654
265 657
265 1368
265 1631
265 1674
265 1784
265 1891
265 1951
265 1953
265 2389
265 2888
266 267
266 268
266 332
266 1213
266 1233
266 1950
266 1951
266 2173
266 2388
266 2588
267 268
267 332
267 846
267 1186
267 1217
267 1222
267 1309
267 1386
267 1389
267 1400
267 1401
267 1950
267 1951
268 1939
269 625
269 2317
270 271
270 297
270 699
270 1966
271 346
271 953
271 1514
271 1958
271 1959
271 2482
272 273
272 603
272 1855
272 1918
272 1927
272 1973
272 2305
272 2321
273 603
273 1416
273 1958
274 275
274 417
274 1047
274 1860
274 1944
274 2204
275 276
275 417
275 1105
275 2118
275 2650
276 698
276 1077
276 1105
276 1142
276 1991
277 278
277 603
277 1275
278 279
278 1117
278 1552
278 2163
278 2164
279 448
279 2020
280 281
280 1074
280 1118
280 1614
280 2201
280 2645
281 1074
281 1079
281 1293
281 2229
281 2233
282 283
282 752
282 875
282 987
282 1039
282 1042
282 1099
282 1580
282 1581
282 2225
282 2681
282 2722
283 284
283 285
283 752
283 1039
283 1058
283 1099
284 439
284 968
284 1145
284 1420
284 1794
284 2094
284 2571
285 305
285 365
285 685
285 800
285 875
285 953
285 1098
285 1099
285 1176
285 1190
285 1340
285 1635
285 2573
285 2691
286 1852
286 1921
286 2642
287 613
287 1003
287 1861
287 2249
287 2326
288 1482
288 1855
289 1980
289 2775
290 291
290 605
290 673
290 694
290 714
290 741
290 1489
290 1567
290 1610
290 1653
290 2542
291 659
291 933
291 1580
292 1043
292 1115
292 2032
293 294
293 619
294 303
294 690
294 1685
295 303
295 1177
295 1639
295 1685
295 1979
295 2653
296 1143
296 1560
297 1583
297 2535
298 634
298 740
298 822
298 1276
298 1277
299 529
299 1332
299 1334
299 1431
299 1512
299 1520
299 1711
299 1980
299 2206
299 2207
300 971
300 973
300 1083
300 1912
300 1913
300 2928
301 894
301 1322
301 1323
302 1307
302 1743
302 1958
302 1960
302 1981
302 2078
302 2163
302 2424
302 2429
303 659
303 1819
304 417
304 590
304 843
304 974
304 1918
305 584
305 876
305 1056
305 1083
305 1402
305 1410
305 1548
305 1648
305 1963
305 2594
305 2691
305 2816
306 1295
307 2141
308 2027
309 1288
309 1490
309 2656
310 2743
311 1319
312 1006
312 1246
312 1247
312 1410
313 1315
313 1390
314 1567
315 1318
315 1687
316 824
316 1142
316 1568
317 1584
319 320
320 1449
321 322
321 650
321 1966
321 2476
322 847
323 324
323 343
323 1149
323 2266
326 327
326 1982
327 876
327 1056
328 329
328 352
328 353
328 694
328 1960
329 358
329 2098
330 332
330 333
330 334
330 335
330 491
330 996
331 681
331 698
331 944
331 1039
331 1058
331 1064
331 1065
331 1066
331 1067
331 1068
331 1070
331 1071
331 1072
331 1073
331 1075
331 1076
331 1077
331 1078
331 1079
331 1080
331 1081
331 1514
331 1876
331 2769
332 1704
332 1773
332 1885
332 1890
332 2588
333 2151
333 2860
334 450
334 516
334 649
334 749
334 1533
334 1569
334 1575
334 2615
335 873
335 875
335 1040
335 1054
335 1438
335 1677
335 2167
336 337
336 342
336 2596
338 339
338 1294
338 1711
338 1990
338 2677
340 341
340 1957
340 2607
341 1518
341 2171
341 2173
343 807
343 1633
343 2159
344 2293
345 2261
346 347
346 1100
348 349
348 1273
349 750
349 2337
350 351
350 1723
350 2282
351 1407
351 1506
351 2669
352 873
352 876
352 1050
352 1200
352 1806
352 2406
352 2619
353 873
353 874
353 876
353 1050
353 1456
353 1566
353 2619
354 1354
355 2198
357 358
357 2901
358 558
358 1904
359 360
359 1196
361 362
361 453
361 1113
361 1967
361 2295
361 2724
362 398
362 433
362 434
362 459
362 527
362 1012
362 1019
362 2904
363 751
363 1425
363 2521
363 2762
364 1332
364 1819
364 2244
366 478
366 1231
367 368
367 375
367 376
367 450
367 466
367 466
367 467
367 468
367 469
367 470
367 471
367 472
367 1933
367 2902
367 2920
367 2924
368 784
368 1577
369 687
369 1051
369 1264
369 2343
370 371
370 1063
370 2053
370 2054
370 2913
371 372
371 373
371 374
373 978
373 1584
373 2049
373 2083
374 386
374 414
374 504
374 636
374 672
374 803
374 1314
374 1317
374 2109
374 2110
374 2860
375 376
375 444
375 446
375 447
375 508
375 2692
375 2901
376 2294
376 2503
377 728
377 1088
377 2916
378 2261
379 380
379 866
379 913
379 981
380 2296
381 382
381 1820
381 2828
382 778
382 1648
382 2073
383 384
383 386
383 387
383 388
383 1545
383 2080
383 2091
383 2452
383 2903
384 414
384 1700
384 2105
385 405
385 409
385 447
385 975
385 1513
385 1517
385 1518
385 1546
385 1565
385 2051
385 2091
385 2109
385 2115
385 2119
385 2147
385 2148
385 2149
385 2860
385 2876
385 2881
385 2885
385 2901
386 1213
386 1457
386 2080
386 2114
386 2455
386 2478
386 2524
386 2527
386 2752
386 2827
387 1870
387 2105
387 2453
387 2860
388 1248
388 2610
389 390
389 392
389 413
389 492
389 2696
389 2926
390 391
390 392
390 1439
390 2052
390 2926
391 672
392 1224
393 394
393 395
393 540
393 1903
393 2519
393 2545
393 2927
394 395
394 2927
395 540
395 820
395 1168
395 2212
395 2305
395 2840
396 397
396 723
396 864
396 1595
397 1660
397 2446
397 2882
398 1178
398 2092
398 2497
398 2603
398 2760
399 400
399 1314
400 2414
401 402
401 827
401 1376
401 1927
401 2864
403 404
403 1444
404 1562
405 406
405 407
405 408
405 409
405 410
405 411
405 412
405 413
405 414
405 415
405 416
405 417
405 418
405 419
405 841
405 1444
405 1839
405 1934
405 2480
405 2482
407 419
407 1009
407 1023
407 1706
407 1807
407 2053
407 2158
407 2218
407 2535
407 2556
408 415
408 417
408 419
408 769
408 1311
408 1413
408 1718
408 1991
408 2091
408 2115
408 2121
408 2126
408 2127
408 2219
408 2220
408 2221
408 2222
408 2803
408 2809
409 476
409 1862
409 2091
409 2107
409 2114
409 2148
410 411
410 575
410 1415
410 2036
410 2071
410 2121
410 2128
410 2130
410 2131
410 2134
410 2333
410 2334
410 2335
410 2553
410 2555
411 414
411 442
411 577
411 955
411 1004
411 1311
411 1353
411 1596
411 1749
411 2071
411 2121
411 2131
411 2132
411 2134
411 2189
411 2219
411 2242
411 2267
411 2275
411 2289
411 2335
411 2458
412 2142
412 2497
412 2503
412 2632
413 418
413 464
413 1637
413 2219
413 2220
413 2258
413 2532
414 636
414 955
414 1513
414 1539
414 2080
414 2128
414 2245
414 2881
415 511
416 893
416 2082
416 2875
417 1261
417 1488
417 1716
417 1718
417 1862
417 1918
417 1972
417 1991
417 2115
417 2211
417 2549
417 2573
417 2883
418 805
418 982
419 490
419 496
419 497
419 501
419 805
419 876
419 1491
419 2130
419 2165
419 2171
419 2221
419 2257
419 2258
419 2260
419 2360
419 2556
421 711
422 423
422 484
422 504
422 548
422 2149
422 2716
423 2910
424 425
424 1220
424 2150
424 2496
425 902
426 427
426 428
426 439
426 735
426 743
426 1037
426 2419
427 428
427 1391
427 2041
427 2382
427 2723
428 723
428 788
428 1375
429 430
429 942
429 1787
430 1070
430 1557
431 432
431 997
432 930
432 2342
433 434
433 1173
433 2904
434 436
434 460
434 556
434 557
434 716
434 858
434 1000
434 1007
434 1143
434 1152
434 1218
434 1383
434 1391
434 1546
434 1681
434 1975
434 2603
434 2604
434 2605
435 1841
435 2650
436 437
436 459
436 460
436 461
436 2568
436 2904
437 438
437 439
437 2882
438 448
438 449
438 534
438 2059
438 2882
439 469
439 1577
440 441
440 442
440 443
441 514
441 515
441 516
441 517
441 518
441 519
441 520
442 444
442 455
442 466
442 470
442 523
442 524
442 2726
442 2882
442 2924
443 524
443 694
443 864
443 1203
443 1204
443 1205
444 445
444 1753
445 535
445 536
445 537
445 2905
446 641
446 1086
446 1313
446 1575
446 2115
446 2175
446 2453
447 2115
447 2825
448 449
448 450
448 695
448 2581
448 2621
448 2856
449 534
449 1386
450 452
450 453
450 471
450 472
450 528
450 531
450 547
450 571
450 622
450 624
450 632
450 857
450 861
450 865
450 1221
450 2192
450 2233
450 2234
450 2235
450 2597
450 2598
450 2615
451 452
451 453
451 454
451 822
451 864
451 979
451 2222
451 2866
452 453
452 454
452 1832
452 2898
453 632
453 633
453 659
453 672
453 678
453 681
453 899
453 1106
453 1392
453 1573
453 1580
453 1657
453 1778
453 2234
453 2235
453 2355
453 2563
454 508
454 822
454 823
454 1274
454 1627
454 1688
454 1896
455 1317
455 2418
456 457
456 642
456 831
456 1021
457 2067
457 2080
457 2453
457 2490
458 1145
458 1627
458 2156
458 2472
459 553
459 786
459 787
460 621
460 2640
460 2641
461 566
461 786
461 940
461 996
461 997
461 998
461 999
461 1000
461 1546
461 2109
461 2533
461 2688
462 2811
463 464
463 465
463 2897
464 465
464 2709
464 2897
465 606
465 2476
465 2477
466 623
466 1894
466 2304
466 2695
466 2887
466 2929
467 471
467 1194
467 2306
467 2794
468 637
468 2826
469 611
469 781
469 861
469 1421
469 1577
469 2225
470 472
470 2234
470 2902
471 531
471 546
471 547
471 611
471 625
471 1791
471 2235
471 2597
471 2624
471 2863
471 2871
471 2915
472 533
472 765
472 887
472 2106
472 2201
472 2234
472 2340
473 474
473 484
473 2105
473 2152
473 2478
473 2483
473 2484
474 654
474 1873
474 2105
474 2325
474 2554
474 2844
475 476
475 799
475 878
475 947
475 1151
476 1705
476 2242
476 2720
477 478
477 2815
478 1362
478 2145
478 2335
478 2929
479 480
479 539
479 724
481 482
481 483
481 558
481 1571
481 2919
482 956
482 1457
482 2444
482 2895
483 1308
483 1808
483 2599
483 2886
484 485
484 486
484 1973
484 2478
484 2869
484 2933
485 806
485 2433
485 2478
485 2660
486 2333
486 2607
486 2620
486 2814
487 519
487 591
487 596
487 614
487 686
487 709
487 741
487 742
487 763
487 912
487 960
487 977
487 1050
487 1429
487 1544
487 1807
487 2113
487 2364
487 2540
487 2631
487 2886
487 2892
488 489
488 490
488 491
488 554
488 590
488 902
488 1602
488 1939
488 2178
488 2631
489 490
489 491
489 1993
489 2281
490 491
490 590
490 1055
490 1144
490 2668
490 2743
491 1076
491 1944
491 2077
492 493
492 909
492 1511
492 2018
493 494
493 495
493 496
493 497
493 498
493 499
493 500
493 501
493 2500
493 2504
494 671
494 1710
494 1969
494 2477
495 2165
495 2693
496 499
497 498
497 702
497 1160
497 1235
497 2007
499 582
499 1555
500 712
500 940
500 2317
501 1117
501 1207
501 1208
501 1356
501 1874
501 2164
501 2165
501 2221
501 2260
501 2834
502 503
502 842
502 911
502 1499
502 2769
503 1780
503 2769
504 505
504 2925
505 1816
505 1959
505 2621
507 508
507 828
507 829
507 1647
508 509
508 2898
509 686
509 1591
509 1683
510 511
510 2877
510 2921
511 512
511 1885
512 1547
512 1548
512 1568
512 1640
512 2861
513 2748
514 563
514 1532
514 1778
514 2488
515 571
516 1370
516 1507
516 2167
516 2193
516 2598
516 2930
517 1962
517 2586
518 2075
518 2087
519 592
519 638
519 765
519 867
519 1095
519 1614
519 2643
519 2693
520 627
520 836
520 944
520 1642
520 2174
520 2583
521 522
521 1567
521 2136
521 2621
522 1116
522 2136
522 2809
523 576
523 730
523 762
523 763
523 1010
523 2363
524 762
524 903
524 1111
524 1141
524 2070
525 526
526 1034
527 741
527 742
527 997
527 1012
527 1109
527 1231
527 1544
527 1839
527 2104
527 2522
527 2604
527 2678
528 601
528 908
528 1128
528 2803
528 2805
529 530
529 1111
529 1512
529 1513
529 2867
529 2881
530 976
530 1601
530 2094
530 2882
531 532
531 546
531 547
531 622
531 624
531 804
531 833
531 1726
531 2235
532 533
532 620
532 635
532 1189
532 2247
532 2888
534 968
534 2322
535 536
535 631
535 633
535 634
536 1732
536 1736
536 2792
537 1121
537 1307
538 539
538 923
538 1970
538 2078
538 2099
538 2179
538 2478
538 2484
538 2538
538 2889
539 1703
539 1707
541 542
541 642
541 770
541 848
541 2117
541 2386
541 2527
542 894
542 1942
542 2083
542 2117
543 1330
543 1801
543 2882
544 545
544 643
544 644
544 645
544 770
544 2446
544 2613
545 546
545 547
545 2850
545 2863
545 2871
545 2882
546 547
546 1092
546 1715
546 2180
546 2235
546 2597
546 2613
546 2871
546 2915
546 2920
547 625
547 765
547 2235
547 2597
547 2863
547 2915
547 2920
548 1312
548 1830
548 2636
549 550
549 643
549 1177
550 551
550 552
550 2507
551 552
551 1356
551 1629
551 1788
551 2221
551 2510
552 603
552 1356
552 1629
552 2221
552 2256
552 2265
552 2269
552 2336
552 2652
553 2372
554 555
554 557
554 2709
555 2090
555 2921
556 557
556 716
556 787
556 1546
556 2104
556 2522
556 2556
556 2604
557 916
557 1723
557 2314
557 2904
558 2375
558 2895
560 561
560 562
560 1071
560 2688
561 562
561 2507
562 1447
562 1905
562 2070
563 1582
564 565
564 1477
564 2583
564 2779
565 1316
565 2884
566 639
566 1841
566 1922
567 568
567 569
567 570
567 571
567 808
567 1546
567 1794
568 569
568 640
568 921
568 2071
568 2145
569 574
569 809
569 898
569 1515
570 2132
571 622
571 623
571 822
571 867
571 876
571 1200
571 1373
571 2914
572 573
572 600
572 649
572 749
572 767
572 776
572 1123
572 2879
574 575
574 576
574 809
574 1553
574 1583
574 2121
575 1364
575 2071
575 2134
575 2622
576 577
576 1776
577 805
577 1645
577 1676
577 2130
577 2635
578 579
578 1315
578 2337
579 1631
579 1872
579 2205
579 2305
579 2331
580 581
580 583
580 585
580 600
580 602
580 711
581 582
581 583
581 584
581 585
581 586
581 587
582 1012
583 592
583 595
583 710
583 1085
583 2164
583 2203
583 2606
584 710
584 755
584 2186
585 709
585 1611
585 1639
585 2591
585 2598
586 592
586 737
586 839
586 1343
586 2311
586 2369
587 709
587 1824
587 2196
587 2590
588 589
588 1042
588 1459
588 1603
588 2034
588 2638
589 966
589 1300
589 1984
590 1641
590 2301
591 709
591 713
591 737
591 887
591 888
591 1426
591 1512
591 2234
591 2235
591 2288
591 2541
591 2547
592 593
592 594
592 595
592 596
592 597
592 598
592 599
592 601
592 602
592 603
592 604
592 605
592 607
592 608
592 609
592 672
592 1285
592 1666
592 2206
592 2581
592 2661
593 889
593 1101
593 2723
594 738
594 965
595 709
595 710
595 991
595 2192
595 2196
595 2238
595 2403
596 848
596 993
596 1135
596 1136
596 1137
596 1894
596 2353
596 2489
597 698
597 1078
597 1093
597 1138
597 1161
598 686
598 696
598 732
598 1171
598 1172
598 1173
598 1495
599 610
599 696
599 746
599 1069
599 1138
599 1153
599 1161
599 1165
599 1190
599 1191
599 1192
599 1764
599 2581
600 815
600 1068
600 2594
600 2659
600 2689
601 690
601 1240
601 1290
601 2591
601 2595
602 727
602 976
602 978
602 1072
602 1085
602 1360
602 1489
602 2117
602 2528
602 2688
603 697
603 1620
603 1875
603 1917
603 1918
603 1932
604 789
604 1520
604 1690
604 2305
604 2715
604 2716
605 606
605 621
605 649
605 709
605 732
605 819
605 941
605 1014
605 1016
605 1032
605 1033
605 1107
605 1201
605 1292
605 1567
605 1600
605 1881
605 2160
605 2542
605 2653
606 694
606 709
606 882
606 1082
606 1599
606 1600
606 1614
606 2372
606 2542
606 2591
606 2675
606 2919
607 1014
607 1045
607 1406
607 1613
607 2304
607 2307
607 2729
608 964
608 1108
608 1210
608 1358
608 1648
608 2013
608 2730
608 2923
609 694
609 881
609 882
609 971
609 1614
609 2565
609 2720
610 1027
610 1137
610 1138
610 1161
610 1190
610 1191
610 1299
610 1620
610 2581
610 2595
610 2661
610 2662
611 612
611 781
611 2234
611 2598
612 2232
613 614
613 615
613 2836
614 615
614 616
614 717
614 1094
614 2152
614 2540
614 2541
614 2581
615 616
615 938
615 1066
615 1203
615 1478
615 2139
615 2404
616 690
616 847
616 1161
616 1240
616 2478
616 2636
617 618
617 1191
618 1611
619 620
620 621
620 1172
620 1799
620 2205
620 2606
621 1567
622 623
622 624
622 625
622 626
622 627
622 628
623 629
623 641
623 935
623 1443
623 1689
623 2108
624 632
624 714
624 841
624 1093
624 1096
624 1386
624 2235
625 638
625 796
625 1033
625 1071
625 1076
625 1105
625 1404
625 2245
626 631
626 1071
626 1276
626 1277
627 641
627 750
627 756
627 765
627 989
627 1573
627 1574
627 2234
628 641
628 678
628 779
628 1010
628 1076
628 1278
628 1283
628 1308
628 1607
628 2065
628 2171
628 2182
628 2184
628 2305
628 2736
629 630
629 631
629 632
629 633
629 1565
629 2252
630 850
630 1782
630 2040
631 752
631 841
631 1273
631 1279
631 1506
632 633
632 638
632 822
632 867
632 1250
632 1276
632 1278
632 1283
632 1320
632 1656
632 2184
632 2214
633 638
633 677
633 678
633 716
633 822
633 1014
633 1106
633 1150
633 1278
633 1383
633 1515
633 1894
633 2234
633 2328
633 2348
633 2598
633 2656
634 688
634 990
634 1002
634 1204
634 1273
634 1276
634 1277
634 1281
634 1289
634 1398
634 2750
635 636
635 637
635 638
635 639
635 1911
635 2471
636 795
636 969
636 972
636 1961
636 2068
636 2091
636 2115
636 2394
637 1118
637 2442
638 641
638 752
638 765
638 800
638 1033
638 1074
638 1105
638 1106
638 1107
638 1158
638 1250
638 1278
638 1283
638 1621
638 1622
638 1624
638 1625
638 1657
638 2598
638 2649
639 641
639 753
639 755
639 765
639 867
639 944
639 1033
639 1093
639 1107
639 1138
639 1213
639 1250
639 1289
640 641
640 709
640 1153
640 1760
641 642
641 2233
641 2234
641 2598
642 944
642 945
642 1473
642 1977
642 2167
643 1870
645 749
645 750
645 958
645 996
645 1095
645 1626
645 1627
645 1719
645 2165
645 2321
646 647
646 649
646 700
646 790
646 1505
646 1538
646 1967
647 648
647 649
647 1538
648 700
648 790
648 1502
648 2210
648 2362
648 2580
648 2660
649 700
649 732
649 882
649 1205
649 1569
649 2542
650 651
650 724
650 793
650 1177
650 1529
651 652
651 1415
652 813
652 814
652 2170
653 654
653 765
653 765
653 890
653 891
653 892
653 893
653 894
653 895
653 896
653 967
654 655
654 656
654 657
654 658
654 659
654 660
654 893
655 661
655 662
655 1856
655 2155
655 2206
656 1070
656 1127
656 1218
656 1222
656 1223
656 1224
656 1359
656 1373
657 1631
657 1860
657 2752
658 1045
658 1127
658 1220
658 1224
659 891
659 894
659 895
659 935
659 999
659 1258
659 1259
659 1274
659 1284
659 1370
659 1446
659 2019
659 2357
659 2358
661 662
661 1667
661 2541
663 734
663 841
663 2107
663 2458
664 665
664 2643
664 2733
665 1090
665 2620
666 667
666 932
666 933
666 2456
666 2509
666 2648
667 1552
667 2815
668 669
668 822
668 1842
668 1940
668 2167
668 2262
669 670
669 766
669 833
669 1572
669 2315
669 2815
670 1493
670 1612
670 2145
670 2281
670 2287
670 2326
670 2564
670 2652
670 2688
670 2838
671 749
671 757
671 1558
671 1891
672 673
672 674
672 676
672 677
672 679
672 680
672 681
672 682
672 683
672 684
672 686
672 687
672 690
672 691
672 692
672 693
672 694
672 696
672 697
672 698
673 675
673 678
673 680
673 683
673 692
673 694
673 866
673 899
673 900
673 901
673 985
673 1580
674 689
674 692
674 703
674 1177
674 1178
674 1275
674 1591
675 1614
676 709
676 712
676 1610
676 1667
677 742
677 997
677 1336
677 1380
677 2235
678 820
678 1106
678 1392
679 839
679 1912
680 1094
680 1153
680 1455
680 1595
680 1939
680 2065
680 2320
681 897
681 944
681 1058
681 1065
681 1066
681 1071
681 1076
681 1077
681 1078
681 1081
681 1102
681 1615
681 1616
681 1617
681 2113
682 810
682 2594
683 1636
683 2350
684 685
684 690
684 695
684 695
684 866
684 868
684 1162
684 1230
684 1659
684 2172
684 2365
684 2594
684 2595
684 2596
684 2630
685 690
685 695
685 800
685 866
685 868
685 949
685 961
685 1107
685 1162
685 1192
685 1619
685 1639
685 1659
685 2323
685 2573
685 2591
685 2630
685 2676
685 2691
686 689
686 714
686 1094
686 1157
686 1591
686 1592
686 1595
686 1619
686 1746
686 1962
686 2529
686 2557
686 2663
687 689
687 692
687 720
687 923
687 942
687 1171
687 1591
687 1592
687 1593
687 1595
687 1619
687 1647
687 1676
687 1746
687 1816
687 1962
687 2172
687 2297
687 2414
687 2557
687 2629
688 857
688 976
688 1069
688 2611
688 2645
688 2648
689 692
689 2340
689 2561
690 694
690 800
690 815
690 960
690 962
690 1161
690 1162
690 1230
690 1232
690 1240
690 2595
691 866
691 1099
691 1769
692 1081
692 1177
692 1178
692 1179
692 1180
692 1591
692 1593
693 837
693 1246
693 1247
693 1298
693 1844
693 2172
693 2581
693 2594
693 2661
693 2742
694 709
694 712
694 715
694 815
694 882
694 1036
694 1201
694 1419
694 1567
694 2308
694 2372
694 2542
694 2594
695 890
695 1291
695 2172
695 2320
695 2596
696 1076
696 1213
696 1216
696 1231
696 1466
696 1603
696 2594
696 2598
696 2663
697 1038
697 1261
697 1854
697 1855
697 1862
697 1918
697 1927
697 1932
697 2107
697 2305
697 2321
697 2567
698 709
698 867
698 898
698 944
698 1066
698 1077
698 1081
698 1106
698 1616
698 2172
698 2182
698 2644
698 2838
699 700
699 844
699 924
699 940
699 941
699 942
699 1119
699 1488
699 1687
699 2546
700 701
700 702
700 2167
700 2420
701 927
701 1097
701 1170
701 2148
701 2297
702 898
702 1078
702 1103
702 1212
702 1474
702 2355
702 2479
702 2823
703 704
703 705
703 706
703 953
703 1592
703 1676
703 2230
703 2231
703 2550
703 2728
704 1282
704 1689
704 2179
705 706
705 1309
705 1635
705 2167
705 2170
705 2231
706 707
706 708
706 710
706 2657
706 2918
706 2932
707 809
707 865
707 2294
707 2657
707 2687
708 979
708 2143
708 2172
708 2540
708 2899
709 710
709 711
709 712
709 713
709 750
709 1000
709 1504
709 2172
709 2540
710 755
710 765
710 897
710 898
710 903
710 2238
711 1147
711 1148
711 2195
711 2238
712 961
712 1567
712 2372
712 2542
712 2594
713 1678
713 2194
713 2238
713 2688
713 2880
714 715
714 716
714 717
714 718
714 1360
715 1271
715 2476
716 787
716 1000
716 1128
716 1217
716 1218
716 1278
716 1458
716 1548
716 1671
716 2104
716 2641
716 2673
716 2675
717 754
717 811
717 964
717 1080
717 1217
717 1355
717 1978
717 2019
717 2311
717 2349
717 2703
718 741
718 858
718 998
718 1217
718 1564
718 1586
718 2317
718 2772
719 720
719 748
719 2456
720 721
720 722
720 1565
720 2109
720 2456
720 2734
720 2785
721 722
721 864
721 1201
721 1655
721 2109
721 2239
721 2456
721 2785
722 818
722 821
722 2252
722 2319
722 2456
722 2692
722 2785
723 2124
723 2394
724 725
725 977
725 1442
725 2248
725 2310
726 727
728 729
728 730
728 731
728 732
728 733
728 734
728 735
728 736
728 2591
728 2606
729 1215
730 733
730 737
730 1449
730 2661
730 2689
731 749
731 799
731 1790
731 1997
731 2033
732 736
732 882
732 905
732 909
732 965
732 1233
732 1235
732 1412
732 1561
732 1567
733 737
733 742
733 1025
733 1358
733 1548
733 1598
733 1647
733 2753
734 909
734 965
734 1235
734 1320
734 1486
734 1561
734 1598
735 737
735 2697
736 800
736 879
736 905
736 967
736 1215
736 1233
736 1234
736 1235
736 1320
736 1708
736 1747
736 2340
736 2829
737 738
737 739
737 740
737 741
737 742
737 2411
738 866
738 879
738 1561
739 741
739 742
739 855
739 1544
739 1546
739 2642
739 2670
739 2673
740 1620
740 2201
741 742
741 1054
741 1544
741 1546
741 1655
741 2153
741 2598
741 2641
741 2642
742 779
742 858
742 1408
742 1544
742 2652
742 2711
743 747
743 760
743 879
743 968
743 1155
743 1233
743 1303
743 1435
743 1579
743 1589
743 1750
743 2689
744 745
744 1318
745 2515
746 747
746 748
746 891
747 1503
748 780
748 828
748 879
748 936
748 1504
748 1541
748 1544
748 1548
748 1608
748 2496
749 750
749 751
749 752
749 753
749 754
749 755
749 756
750 751
750 756
750 765
750 2234
750 2235
751 1567
751 2643
752 867
752 874
752 877
752 1039
752 1044
752 1101
752 2604
753 898
753 899
753 952
753 959
753 1107
753 1128
753 1138
753 1192
753 1213
753 1235
753 1250
753 1289
753 1290
753 1291
753 1292
753 1539
753 1567
753 1682
753 2160
753 2185
754 899
754 1293
754 1914
754 2313
755 815
755 944
755 1074
755 1162
755 1363
756 1965
756 2096
756 2683
756 2787
757 1293
758 759
758 801
758 1564
759 1011
760 761
760 909
760 1958
760 2531
761 1270
761 1753
762 763
762 764
762 765
762 1096
762 1111
763 764
763 765
763 1253
763 1720
763 2527
763 2627
763 2896
765 890
765 1074
765 1105
765 1110
765 1187
765 2598
766 1643
767 1197
767 1513
767 1520
767 2163
767 2179
767 2562
767 2563
768 769
768 820
768 946
768 1115
768 1124
768 1262
768 1540
768 1690
768 2653
768 2717
769 770
769 771
769 772
769 773
769 776
769 1091
769 2208
769 2220
769 2630
770 787
770 944
770 1175
770 2188
770 2470
770 2681
771 1404
772 1582
773 2065
774 775
775 1464
775 1806
776 777
777 1081
777 1530
777 2381
778 1261
779 780
779 1022
779 1246
779 1606
779 1904
779 2184
779 2456
780 1506
780 2408
780 2599
781 889
781 1525
781 1585
781 2234
782 783
782 2068
783 2543
784 785
784 1525
784 2619
785 1749
786 974
786 997
786 2522
787 1586
787 1752
787 2102
787 2104
787 2522
787 2604
787 2641
788 1261
788 1432
789 1054
789 1628
789 2247
789 2478
789 2715
790 791
790 792
790 1505
790 1538
790 2540
791 1476
791 1518
791 1520
792 955
792 1166
792 1505
792 1538
793 794
793 2416
793 2600
793 2829
794 800
794 2594
794 2600
795 796
795 927
795 975
795 1170
795 1442
795 2109
795 2454
795 2455
796 1384
796 2172
797 798
797 2027
798 799
798 1749
798 2552
798 2571
799 897
799 920
800 801
800 810
800 949
800 950
800 951
800 952
800 953
800 954
800 2595
802 803
802 1181
802 1212
802 1727
803 2635
804 1491
805 806
805 1119
805 2121
805 2337
806 2137
807 808
807 841
808 1121
808 1299
808 1765
808 1871
808 2488
809 966
809 2648
810 811
810 1140
810 2702
811 812
811 1507
812 923
812 2310
812 2514
812 2573
813 814
813 1501
813 1872
814 913
814 2578
814 2660
815 816
815 817
815 2193
816 1405
816 1536
817 859
817 926
817 1349
817 2453
818 819
818 821
818 898
818 1514
818 1515
818 1937
818 2136
818 2495
818 2505
818 2598
818 2789
819 820
819 821
819 1515
819 2078
819 2532
819 2598
820 946
820 947
820 2078
820 2172
821 858
821 1153
821 1514
821 1515
821 2078
821 2495
821 2785
822 823
822 963
822 1005
822 1006
822 1007
822 1008
822 1009
822 1738
822 2644
823 959
823 2197
823 2677
824 825
824 826
824 827
824 1448
824 2463
824 2616
824 2785
826 868
826 1142
826 1920
827 1003
827 1588
827 2326
829 1379
829 1604
829 1880
829 2512
829 2750
830 986
830 1319
831 1807
832 833
832 931
832 2189
832 2301
833 834
833 835
833 1523
833 2472
834 2119
834 2139
835 928
835 1252
835 2326
836 837
836 838
836 1871
836 2185
836 2193
836 2598
837 964
837 1379
837 2129
837 2138
837 2211
837 2336
837 2545
837 2815
837 2931
838 1833
838 2008
838 2314
838 2625
839 840
839 841
839 842
839 843
839 844
839 845
839 846
839 847
839 848
839 849
839 2091
839 2166
839 2214
839 2455
839 2703
839 2842
840 842
840 1055
840 2075
840 2098
841 859
841 860
841 2107
841 2455
841 2458
841 2540
841 2581
841 2598
842 845
842 846
842 848
842 850
842 934
842 1283
842 2685
843 845
843 846
843 848
843 1027
843 2641
844 849
844 908
844 1085
845 1667
846 1424
846 1641
847 969
847 1862
847 1918
848 927
848 974
848 977
848 1044
848 1090
848 1091
848 1205
848 1468
848 1620
848 2202
848 2296
848 2297
848 2299
848 2540
848 2567
848 2581
848 2598
848 2628
849 2497
850 851
851 1831
852 1067
852 1503
852 2644
853 854
853 909
854 855
854 2862
855 937
855 1111
855 1990
856 1766
856 2070
856 2101
857 1187
857 2648
858 882
858 963
858 1005
858 1007
858 1217
858 1548
858 2104
858 2214
858 2319
858 2456
858 2563
858 2639
858 2640
858 2641
858 2672
858 2675
858 2678
859 860
859 878
859 909
859 1071
859 1589
859 2078
859 2478
860 878
860 1488
860 2446
861 1484
862 863
862 2068
862 2366
863 996
863 1082
863 1105
863 1204
863 1205
863 1555
864 2135
864 2526
864 2644
865 981
865 1173
865 2133
865 2388
866 867
866 868
866 869
866 870
866 871
866 1746
866 2113
866 2581
867 883
867 2411
868 1126
868 2301
868 2379
868 2730
869 1271
871 2363
872 2231
872 2657
872 2658
872 2811
873 874
873 875
873 877
873 953
873 1040
873 1043
873 1044
873 1045
873 1047
873 1048
873 1049
873 1050
873 1051
873 1052
873 1053
873 1055
873 1056
873 1057
873 1099
874 875
874 876
874 877
874 1050
874 1848
875 1039
875 1340
876 877
876 1044
876 1050
876 1056
876 1099
876 1145
876 1201
876 1365
876 1585
876 1704
876 2194
876 2279
876 2580
876 2657
876 2670
876 2692
877 1165
877 1201
877 2034
877 2182
877 2933
878 1842
879 880
879 881
879 882
879 1553
879 2147
879 2420
879 2477
879 2591
879 2606
880 909
880 1561
880 2344
880 2606
880 2667
881 882
881 905
881 936
881 1567
881 2312
882 936
882 1454
882 1567
882 2032
882 2542
884 885
884 1235
884 1591
884 2496
884 2594
884 2691
885 886
885 2172
885 2594
886 961
886 2594
887 1151
887 1270
887 1825
887 2163
888 1078
888 2323
889 890
889 1273
889 1568
889 1914
889 2441
890 1110
890 1257
890 1277
890 1281
890 1571
891 895
891 1273
891 1351
892 1135
892 1844
892 2195
892 2610
892 2714
893 1421
893 1771
894 895
894 896
894 1257
894 1258
894 1259
894 1281
894 1923
894 1979
894 2017
894 2020
894 2357
894 2747
895 1257
895 1258
895 1259
895 1260
895 1277
895 1281
895 1284
895 1443
895 1448
895 1490
895 1637
895 1981
896 918
896 935
896 1219
896 1259
896 1303
896 1359
896 1373
896 1375
896 1376
896 1877
896 1923
896 1981
896 2223
896 2836
897 1076
897 1079
897 1565
898 908
898 944
898 945
898 1078
898 1611
898 1970
898 2541
898 2606
898 2659
898 2789
899 1014
899 1074
899 1164
899 1231
899 1613
899 2321
899 2541
899 2748
900 1342
900 2233
900 2439
900 2594
901 1456
901 1662
901 2663
901 2933
902 903
902 904
902 2071
902 2458
902 2834
903 1859
903 2667
904 1626
905 906
905 936
905 1215
905 1216
906 907
906 908
906 909
906 1590
906 2598
907 908
907 1757
908 1429
908 1782
909 1187
909 1241
909 1561
909 1563
909 1598
909 1972
909 2606
909 2626
909 2743
910 911
910 912
910 1460
910 1884
910 2167
910 2170
911 912
911 1183
911 2167
911 2170
911 2804
912 1310
912 1526
912 1602
912 2167
912 2858
913 914
913 915
913 916
913 917
913 918
913 2660
914 915
914 922
914 2478
914 2713
915 1721
915 2657
915 2739
916 917
916 1035
916 1248
916 1255
916 1350
916 1351
916 2068
916 2111
916 2158
916 2268
916 2360
916 2713
916 2798
917 918
917 1255
917 2068
917 2111
917 2528
917 2830
918 1769
918 2311
918 2429
918 2438
918 2713
918 2734
920 1191
920 1367
921 2071
922 923
922 941
922 2664
924 925
927 2077
928 929
928 930
928 1279
928 1689
928 2213
928 2426
929 932
929 1580
929 2127
929 2350
930 1928
930 1929
930 2081
930 2215
930 2363
931 933
931 1149
931 1514
931 2416
932 951
932 1416
932 1558
932 2122
932 2248
932 2860
933 2514
933 2622
935 1127
935 1131
935 1219
935 1303
935 2017
935 2604
936 2606
938 939
940 1014
940 1150
940 1546
942 1085
943 1228
943 1357
943 1657
943 1832
944 1074
944 1076
944 1078
944 1102
944 1105
944 1107
944 1642
944 2583
945 1071
945 1073
945 1078
945 1102
945 1107
945 1108
945 1213
945 1244
945 1245
945 2032
945 2167
945 2334
946 1115
946 1124
946 2495
947 1690
947 1877
947 1962
947 2184
947 2301
947 2414
947 2537
947 2563
947 2724
948 1072
948 1197
948 2214
948 2785
948 2802
949 955
949 956
949 957
949 1442
949 1837
949 2155
949 2299
950 964
950 1155
950 1156
950 1157
950 2010
950 2321
950 2851
951 1158
952 2303
952 2445
953 959
953 1099
953 1283
953 2231
953 2382
954 2573
954 2763
955 1115
955 1520
955 2107
955 2147
955 2155
955 2206
955 2207
955 2243
955 2354
956 2155
956 2206
956 2754
958 959
958 960
958 961
958 962
958 963
958 964
958 2595
958 2838
959 1107
959 1395
959 1417
959 2339
960 1719
960 1859
960 1892
960 2078
960 2215
960 2591
960 2595
960 2630
961 1639
961 2591
961 2594
961 2596
961 2630
962 1575
962 2158
962 2321
963 964
963 1008
963 1526
963 1719
963 2317
963 2560
964 1250
964 1345
964 1417
964 1431
964 1708
964 1733
964 1980
964 2721
964 2835
965 1563
965 2160
965 2542
965 2606
967 968
967 1256
967 1286
967 1287
967 1288
967 2891
968 1124
968 2092
968 2689
969 1261
969 1513
970 971
970 972
970 973
970 1567
970 1914
970 2740
971 972
971 1759
971 1761
971 1912
971 1949
971 2235
972 1759
972 2286
973 1359
973 1761
973 1833
973 1912
973 1949
973 1985
973 2035
974 975
974 976
974 977
974 1052
974 2061
974 2569
975 1085
975 1310
975 1322
975 1323
975 2107
975 2402
975 2540
976 977
976 1393
976 1574
976 1642
976 1671
976 1672
976 2117
976 2297
976 2299
976 2747
977 1467
977 1592
977 1620
977 1672
977 1675
977 2297
977 2540
978 979
978 1475
978 2117
978 2209
978 2313
979 1091
979 1354
979 1584
980 2142
980 2717
981 1247
981 2113
982 983
982 1063
982 2758
982 2831
983 984
983 1566
983 2096
984 992
984 1063
984 2064
984 2107
984 2914
985 1790
985 1823
986 987
986 2042
986 2140
986 2465
986 2689
987 988
987 1843
987 2104
987 2122
987 2205
988 1708
988 2071
988 2165
988 2259
988 2713
989 1185
991 1469
991 1566
991 2055
992 1774
993 1952
994 995
994 2262
995 2117
995 2183
996 1204
996 1205
996 1211
996 2315
997 999
997 1253
997 2104
997 2508
997 2604
998 1381
998 1382
998 1546
998 1760
998 2104
998 2255
998 2315
999 1121
999 1384
999 1431
999 2074
999 2604
999 2755
999 2843
1000 1208
1000 1218
1000 2104
1000 2604
1000 2859
1001 1002
1001 1003
1001 2261
1002 1003
1002 1004
1002 1588
1002 1746
1002 2131
1002 2249
1002 2261
1003 1004
1003 1248
1003 1355
1003 1587
1003 1588
1003 1668
1003 2242
1003 2259
1003 2325
1003 2654
1003 2664
1003 2684
1003 2703
1004 1523
1004 1732
1004 2065
1004 2163
1004 2248
1004 2261
1005 1112
1005 2931
1006 1246
1007 1009
1007 1122
1007 1395
1007 1406
1007 1640
1007 1912
1007 2163
1007 2317
1007 2318
1008 1544
1008 2356
1008 2505
1009 1015
1009 1551
1009 2370
1009 2689
1010 1011
1010 1761
1011 2051
1012 1013
1012 1019
1012 1020
1012 1145
1012 1146
1012 1603
1012 2311
1013 1014
1013 1015
1013 1016
1013 1017
1013 1018
1013 1019
1013 1020
1013 1021
1013 1103
1013 1551
1013 1689
1013 1930
1013 2654
1013 2705
1014 1017
1014 1018
1014 1154
1014 1567
1014 1858
1014 2313
1014 2563
1014 2804
1015 1018
1015 1268
1015 1856
1015 1862
1015 2655
1016 1017
1016 1020
1016 2181
1016 2677
1017 1027
1018 1020
1018 1116
1019 1020
1019 1022
1019 1127
1019 1146
1019 1150
1019 1400
1019 1401
1019 2175
1020 1021
1020 1145
1020 1146
1020 1204
1020 1400
1020 1455
1020 1567
1020 1668
1020 1928
1020 2313
1020 2326
1020 2370
1020 2542
1020 2677
1020 2678
1020 2717
1021 2169
1021 2505
1022 2655
1023 1024
1023 1973
1023 2218
1023 2572
1024 1098
1024 1738
1024 1848
1024 2640
1025 1026
1025 1026
1025 1598
1025 2606
1026 2688
1026 2689
1027 1100
1027 1135
1027 1161
1027 1280
1028 1029
1028 1751
1028 2081
1028 2165
1029 1030
1029 1031
1029 1032
1029 1033
1029 1034
1029 1035
1029 1036
1029 1037
1029 1271
1029 2151
1029 2163
1029 2635
1029 2863
1030 1540
1030 1607
1030 2703
1030 2710
1031 1032
1031 1034
1031 1667
1031 1669
1031 2052
1031 2075
1031 2242
1031 2326
1032 1034
1032 1248
1032 1349
1032 1355
1032 1620
1032 1652
1032 1667
1032 1668
1032 1669
1032 1680
1032 1843
1032 1896
1032 2133
1032 2249
1032 2326
1032 2384
1033 1068
1033 1188
1033 1655
1033 2164
1033 2304
1033 2348
1034 1403
1034 1568
1034 1667
1034 2242
1034 2284
1034 2635
1035 1036
1035 1037
1035 1350
1035 1351
1035 1609
1036 2635
1037 1350
1037 2171
1037 2303
1037 2825
1037 2871
1038 1045
1038 1870
1038 1927
1038 1931
1038 2303
1039 1044
1039 1046
1039 1050
1039 1058
1039 1082
1039 1101
1039 1262
1039 1285
1039 2301
1039 2341
1039 2657
1040 1101
1040 1285
1040 1365
1040 1366
1040 1368
1040 1369
1040 1784
1041 2302
1041 2442
1041 2595
1041 2756
1042 1634
1042 1635
1042 2679
1043 1050
1043 1059
1043 1365
1043 1636
1043 1637
1043 1638
1043 2228
1043 2657
1044 1058
1044 1646
1044 2298
1045 1613
1045 1614
1045 1867
1045 1870
1045 1886
1045 1927
1045 1928
1045 2461
1045 2520
1046 1746
1046 1971
1047 1638
1047 1860
1047 2449
1047 2570
1047 2657
1048 1049
1048 1938
1049 1334
1049 1598
1050 1099
1050 1637
1050 1675
1050 2298
1050 2486
1050 2657
1050 2728
1051 1571
1051 1640
1053 1057
1053 1076
1053 1550
1053 1763
1053 2137
1054 1055
1054 1056
1054 1071
1054 1077
1054 1101
1054 1285
1054 1676
1055 1498
1055 1676
1055 2027
1057 1099
1057 1585
1057 1932
1058 1076
1058 1105
1058 1264
1058 1550
1058 1911
1058 2437
1059 1060
1059 1474
1059 1555
1060 1410
1060 1604
1060 2646
1061 1062
1061 1225
1061 1775
1061 2141
1061 2165
1061 2186
1061 2563
1061 2698
1062 2130
1062 2478
1062 2561
1062 2563
1062 2684
1062 2703
1063 1589
1063 2119
1063 2591
1064 1078
1064 1079
1064 1166
1064 1167
1064 1580
1064 1581
1064 1614
1064 2302
1064 2536
1064 2540
1064 2909
1065 1078
1065 1619
1066 1078
1066 1105
1066 1847
1066 2563
1067 1071
1067 1078
1067 1080
1067 1108
1067 1213
1068 2717
1069 1670
1069 2113
1069 2121
1069 2164
1069 2567
1069 2648
1070 1078
1070 2113
1071 1076
1071 1105
1071 1816
1071 2136
1072 1636
1072 2231
1073 1078
1073 1108
1073 1228
1074 1105
1074 1614
1074 1621
1074 2006
1074 2695
1075 1189
1075 2717
1076 1082
1076 1105
1076 1108
1076 1245
1076 1472
1076 1530
1076 1607
1076 1657
1076 2024
1076 2167
1076 2301
1076 2540
1076 2808
1076 2920
1077 1448
1077 2506
1078 1079
1078 1080
1078 1102
1078 1105
1078 1108
1078 1617
1078 2167
1078 2301
1078 2584
1079 1105
1079 1166
1079 1419
1079 1580
1079 1614
1079 2540
1080 1105
1080 1862
1080 2086
1080 2138
1081 1201
1081 1515
1081 1553
1081 1595
1081 2832
1082 1105
1082 1108
1082 1425
1082 1720
1082 2594
1082 2877
1083 1084
1083 1113
1083 2140
1084 1144
1084 1417
1084 2808
1085 2213
1085 2528
1085 2600
1086 1087
1087 1187
1087 2217
1088 1089
1088 1189
1088 1289
1088 1731
1088 2785
1089 2392
1090 1600
1091 1092
1091 1418
1091 1776
1092 1285
1092 1581
1092 2774
1093 1117
1093 1118
1093 1811
1093 2720
1095 1096
1095 1619
1096 1120
1096 1302
1096 2714
1096 2741
1096 2870
1097 1098
1097 1170
1098 2019
1099 1100
1099 1101
1099 1102
1099 1816
1099 2172
1099 2594
1100 1117
1100 1852
1101 1365
1101 2113
1101 2478
1101 2657
1102 1212
1102 1469
1102 1602
1102 1636
1102 2231
1102 2541
1102 2580
1102 2584
1102 2919
1103 1104
1103 1515
1103 1515
1103 1547
1103 1551
1103 2644
1103 2770
1104 1700
1104 2186
1105 1106
1105 1107
1105 1108
1106 1158
1106 1622
1106 1625
1106 1683
1106 2456
1107 1137
1107 1142
1107 1192
1107 1235
1107 1250
1107 1291
1107 1466
1107 1567
1107 2306
1107 2365
1107 2477
1107 2598
1108 2598
1109 2008
1109 2022
1110 2080
1110 2262
1111 2063
1111 2201
1112 1113
1112 1182
1112 2225
1113 1114
1113 1642
1115 1116
1115 1540
1115 1618
1115 2528
1116 1388
1117 1118
1117 1119
1117 2163
1117 2164
1117 2170
1117 2720
1118 1405
1118 2317
1118 2348
1119 1673
1119 2164
1119 2242
1120 1761
1120 1875
1121 1902
1122 1141
1122 1166
1122 1412
1122 2100
1123 1206
1123 2456
1124 1201
1124 2183
1124 2332
1124 2483
1124 2717
1125 1256
1125 1728
1125 2240
1126 1341
1126 1451
1126 2301
1127 1128
1127 1129
1127 1130
1127 1131
1129 1237
1129 2051
1130 1131
1130 1285
1130 1410
1131 1219
1131 1257
1131 1259
1131 1260
1131 1275
1131 1303
1131 1359
1131 1373
1131 1376
1131 1389
1131 1438
1131 1448
1131 1656
1132 2839
1133 1134
1135 1305
1135 1630
1135 2231
1135 2233
1136 1607
1136 1715
1136 1716
1136 2215
1137 1304
1137 2474
1138 1192
1138 2061
1138 2323
1138 2410
1138 2591
1138 2596
1140 1470
1141 1541
1141 2191
1142 1143
1142 1163
1142 2148
1143 1551
1145 1190
1146 2213
1147 1164
1147 1291
1147 2113
1148 2196
1148 2485
1149 1651
1149 2776
1150 1151
1150 1152
1150 1153
1150 2054
1150 2592
1150 2666
1151 1296
1151 1297
1153 2831
1155 1156
1155 1288
1155 1321
1155 2712
1156 1190
1156 1321
1157 2213
1157 2856
1157 2918
1158 1625
1159 1545
1159 2212
1159 2687
1160 1776
1161 1162
1161 1192
1161 1240
1161 1718
1161 2517
1161 2595
1161 2661
1162 1163
1162 1164
1162 1165
1162 2591
1162 2594
1162 2595
1163 1485
1164 1230
1164 1231
1164 1270
1165 1192
1165 2595
1166 1187
1166 1515
1166 1614
1167 1614
1167 1658
1168 1169
1169 2475
1170 1347
1170 2107
1170 2148
1171 1172
1171 1173
1171 2557
1172 2262
1173 1363
1173 1592
1173 1663
1173 1871
1173 2646
1174 1653
1175 1176
1175 1629
1175 1630
1175 1826
1175 1844
1175 2196
1176 2224
1177 1178
1177 1179
1177 1180
1177 1591
1177 1612
1177 2688
1178 1179
1178 1180
1178 1324
1178 1636
1178 2294
1178 2439
1179 1180
1179 1497
1179 1591
1179 1646
1179 1654
1180 1363
1180 1591
1180 1593
1181 1575
1181 2183
1181 2213
1181 2315
1181 2350
1182 2934
1183 1184
1183 1374
1183 2344
1184 1746
1184 2499
1184 2717
1184 2929
1185 1186
1185 1194
1186 1892
1187 1534
1187 1675
1187 2448
1187 2684
1188 1189
1188 1707
1188 1782
1190 1191
1190 1192
1190 1249
1190 1759
1190 2250
1190 2581
1191 1192
1191 1669
1191 1896
1191 1914
1191 2581
1191 2661
1191 2662
1192 1213
1192 1763
1192 2172
1192 2581
1192 2661
1192 2662
1193 1194
1193 1195
1193 1196
1193 1197
1193 1198
1193 1848
1194 1197
1194 1295
1194 1325
1194 2856
1195 1442
1195 2204
1196 1471
1197 1474
1198 1326
1198 1331
1198 2204
1198 2882
1199 1200
1199 1201
1199 2159
1199 2619
1200 2020
1201 1595
1201 1962
1201 2183
1201 2495
1201 2619
1201 2734
1202 1460
1202 2258
1203 1205
1203 1240
1203 2066
1203 2201
1203 2591
1203 2595
1204 1219
1204 1273
1204 1373
1204 2518
1205 2116
1205 2201
1207 1208
1207 2164
1207 2165
1208 1996
1208 2165
1209 1210
1209 1898
1210 1651
1210 2127
1210 2843
1211 1273
1212 2510
1212 2833
1212 2878
1213 1250
1214 1391
1214 2744
1215 1600
1216 1308
1216 1466
1217 1254
1217 1386
1217 1387
1217 1564
1217 2317
1217 2731
1218 1219
1218 1220
1218 1221
1218 1222
1218 1223
1218 1224
1218 2104
1218 2315
1218 2604
1219 1220
1219 1222
1219 1224
1219 1304
1219 1359
1219 1371
1219 1372
1219 1373
1219 1374
1219 1375
1219 1376
1219 1377
1219 2095
1220 1303
1220 1664
1220 1851
1220 1993
1220 2162
1220 2561
1221 1402
1222 2799
1223 1224
1223 1303
1223 1394
1224 2363
1225 1226
1225 1227
1225 1228
1225 1229
1225 2194
1225 2326
1226 1228
1226 1348
1226 1429
1226 1430
1226 2455
1226 2593
1227 1429
1227 1439
1227 2326
1228 1429
1228 1430
1228 1779
1228 1806
1228 2186
1228 2274
1228 2755
1229 1826
1229 2779
1230 1231
1230 1730
1230 2595
1231 1614
1231 2591
1231 2595
1232 2065
1232 2591
1232 2594
1232 2595
1233 1234
1233 1235
1233 2606
1233 2801
1234 1489
1234 2311
1234 2671
1235 1320
1235 1561
1235 1998
1235 2690
1237 1421
1237 1862
1238 1321
1238 1384
1238 1473
1238 2384
1239 1421
1240 1837
1240 2595
1240 2716
1240 2911
1241 1242
1241 1411
1242 1243
1242 2289
1242 2631
1242 2670
1244 1361
1244 1456
1244 2113
1244 2583
1245 1536
1246 1247
1246 1248
1246 1249
1246 2139
1246 2258
1246 2509
1246 2886
1247 1395
1247 1396
1247 2265
1247 2652
1248 1663
1248 1985
1248 2635
1249 1629
1249 2132
1249 2256
1250 1614
1250 1861
1250 2598
1251 2330
1252 1284
1252 2248
1252 2509
1253 2692
1254 1315
1254 1807
1254 2107
1255 2068
1255 2111
1256 1732
1256 2248
1257 1259
1257 1260
1257 1275
1257 1277
1257 1903
1257 2358
1258 1259
1258 1260
1258 1321
1258 1490
1258 1681
1258 2358
1259 1443
1259 1448
1259 1476
1259 1490
1259 1739
1259 2030
1260 1275
1260 1277
1260 1443
1260 2595
1261 1854
1261 1917
1261 1972
1261 2415
1262 1263
1262 1267
1262 1336
1262 1427
1262 2171
1262 2301
1262 2573
1262 2776
1262 2821
1263 1264
1263 2301
1263 2306
1264 1355
1264 1472
1264 1607
1264 1671
1264 2171
1264 2303
1264 2305
1264 2308
1265 1266
1265 1482
1266 2048
1266 2226
1267 1268
1267 1427
1267 1540
1267 2331
1268 1602
1268 2155
1269 1554
1269 1886
1270 1271
1270 2353
1272 1512
1272 2403
1272 2807
1273 1274
1273 1275
1273 1276
1273 1277
1273 1278
1273 1279
1273 1280
1273 1281
1273 1282
1273 1283
1273 1284
1273 1377
1273 1623
1273 1793
1274 2770
1275 1389
1275 1390
1275 1503
1276 1280
1276 1281
1276 1397
1276 1398
1276 1399
1276 2922
1277 1281
1277 1389
1277 1512
1277 2538
1278 1513
1280 1399
1280 1705
1281 1440
1281 1707
1281 2504
1281 2796
1281 2814
1282 1623
1282 2426
1283 1297
1283 2599
1284 1774
1284 2545
1284 2751
1285 1400
1285 1401
1285 1790
1285 2657
1286 2121
1286 2379
1286 2545
1286 2937
1287 1288
1287 1331
1287 2930
1288 1326
1288 1437
1288 1708
1289 2323
1290 1374
1291 2304
1292 1567
1292 1889
1292 2541
1292 2542
1293 1926
1293 2513
1294 1295
1294 2103
1294 2862
1296 1297
1296 1756
1298 1299
1298 1645
1299 2111
1299 2305
1299 2539
1300 1570
1300 1572
1301 1947
1303 1369
1303 1377
1303 1386
1303 1481
1303 1950
1303 2357
1303 2428
1304 2584
1305 1306
1306 2137
1306 2590
1309 1387
1309 1834
1309 2210
1310 1311
1311 2458
1312 1510
1312 2867
1314 1770
1314 2071
1314 2138
1316 1683
1318 1319
1318 2887
1319 1468
1320 1561
1321 1693
1322 1323
1322 1382
1322 1830
1322 2211
1323 1765
1323 1919
1323 2652
1324 1363
1325 1326
1325 1328
1325 1331
1325 1753
1326 1327
1326 1328
1326 1329
1326 1330
1326 1331
1327 1330
1327 2204
1328 1598
1329 1380
1329 1561
1330 2606
1330 2900
1331 1561
1331 1598
1331 1747
1332 1333
1332 1334
1332 1335
1333 1665
1333 2139
1333 2316
1333 2509
1333 2551
1333 2635
1334 1375
1334 1388
1334 1980
1334 2008
1334 2201
1334 2357
1334 2734
1335 1454
1336 1540
1336 1667
1336 2307
1337 1338
1337 1963
1338 1339
1338 2027
1338 2047
1338 2649
1339 1964
1339 2329
1340 2405
1340 2573
1340 2576
1341 1342
1342 1628
1342 2875
1343 1431
1343 2611
1344 1490
1344 1794
1344 2611
1345 1431
1345 1978
1345 2507
1345 2586
1345 2839
1346 1424
1346 1460
1346 1463
1346 1508
1346 1611
1346 2336
1347 2107
1347 2149
1347 2213
1347 2547
1348 1847
1348 2326
1348 2470
1349 2249
1349 2326
1350 1351
1350 1663
1350 2056
1350 2362
1350 2376
1351 1398
1351 1498
1351 2135
1351 2165
1351 2274
1352 1353
1352 1597
1352 1645
1352 1778
1352 2122
1352 2132
1352 2165
1352 2248
1352 2277
1352 2280
1353 1354
1353 1597
1353 2122
1353 2132
1354 1652
1354 1957
1354 2132
1354 2256
1354 2520
1354 2652
1355 2242
1355 2249
1355 2259
1355 2681
1356 1357
1356 1422
1356 2221
1356 2643
1357 1446
1357 2221
1357 2233
1357 2382
1357 2928
1358 1537
1358 1825
1359 1375
1359 1771
1359 1888
1359 1949
1359 2768
1360 1361
1360 1396
1360 2415
1361 2113
1361 2540
1361 2583
1362 1989
1362 2103
1362 2225
1363 2855
1364 2115
1365 1366
1365 1367
1365 1636
1365 1792
1365 1923
1366 1368
1366 1409
1366 1544
1366 1784
1366 1968
1366 2443
1367 1550
1368 1674
1368 1784
1368 1951
1369 1387
1369 1652
1369 1761
1369 1792
1369 2357
1369 2542
1370 1792
1370 1955
1370 2022
1370 2631
1371 1665
1371 1993
1371 1994
1371 2255
1372 1721
1373 1375
1373 2613
1374 1375
1374 1856
1374 2021
1375 1976
1375 2021
1375 2650
1375 2852
1376 1536
1377 1665
1377 1994
1377 2242
1377 2255
1378 2835
1379 1588
1379 2072
1379 2243
1379 2249
1379 2647
1379 2684
1379 2703
1379 2704
1380 1821
1382 1389
1382 1457
1382 1769
1382 1966
1382 2024
1383 1384
1383 1385
1383 2104
1383 2311
1383 2315
1383 2439
1384 2315
1384 2625
1385 2645
1386 1387
1386 1976
1387 1388
1387 2233
1388 1755
1388 2754
1390 2149
1391 1951
1391 1955
1392 1393
1393 1643
1393 2376
1393 2491
1393 2540
1393 2702
1394 1558
1394 2636
1395 1396
1396 1933
1396 2317
1397 2046
1398 2601
1399 2356
1399 2574
1401 2450
1402 1745
1403 1963
1404 1769
1406 1601
1406 2274
1407 1408
1407 1945
1408 2588
1409 1410
1410 1421
1410 1449
1410 1866
1410 2315
1411 1751
1411 2721
1413 2452
1415 2216
1415 2248
1415 2547
1416 2256
1417 1631
1417 2817
1419 1528
1419 1706
1419 2184
1420 1665
1420 1994
1420 2045
1420 2255
1420 2358
1420 2754
1421 2781
1422 1627
1422 2253
1422 2613
1424 2295
1425 1426
1427 1581
1427 2155
1428 1926
1428 2111
1428 2326
1429 2044
1429 2331
1430 2132
1430 2274
1430 2633
1431 1979
1431 1980
1431 2008
1431 2357
1431 2931
1432 1433
1432 1555
1432 1603
1433 1649
1433 2222
1434 1963
1434 2156
1436 1815
1436 1827
1438 1944
1438 2251
1438 2625
1438 2806
1439 1983
1439 2206
1439 2269
1440 1463
1440 1898
1440 2229
1440 2587
1441 1457
1441 1977
1442 1761
1442 1940
1442 2333
1442 2514
1444 1714
1444 1719
1444 2237
1444 2443
1444 2800
1446 2038
1446 2233
1447 1955
1448 2497
1449 1501
1449 1898
1449 2743
1450 1451
1450 1718
1451 2104
1452 1453
1452 2445
1454 2125
1454 2687
1455 1897
1457 1869
1457 1977
1457 2386
1458 2708
1459 1600
1459 1973
1460 1611
1460 2336
1461 2227
1462 1463
1462 1607
1462 2279
1462 2439
1463 1607
1463 2540
1463 2557
1465 2499
1466 2364
1466 2487
1466 2691
1466 2761
1467 1955
1468 1849
1470 1857
1470 1863
1470 2382
1471 2034
1471 2689
1472 1652
1472 2171
1473 2221
1474 1692
1474 1824
1476 1684
1476 1728
1476 2504
1480 2319
1480 2349
1480 2561
1482 2917
1484 2373
1485 1670
1485 2608
1486 2149
1487 2620
1489 1567
1490 2045
1490 2358
1491 2010
1492 1568
1492 2527
1493 1665
1493 1673
1493 1994
1493 2242
1493 2732
1493 2793
1494 2321
1494 2807
1495 2265
1496 1759
1497 1524
1497 1814
1498 1913
1499 2532
1500 2517
1501 2000
1501 2138
1502 1503
1502 1889
1504 1505
1504 1506
1504 2873
1505 2092
1505 2509
1505 2710
1506 1538
1506 2921
1508 1509
1508 1518
1508 2572
1508 2573
1509 2494
1509 2572
1509 2573
1510 1575
1512 1520
1512 2111
1512 2207
1513 1518
1513 1520
1513 2548
1513 2549
1514 1515
1514 2887
1515 1551
1515 1645
1515 2239
1515 2532
1515 2598
1515 2644
1515 2785
1516 1517
1516 2076
1516 2490
1517 2091
1517 2115
1517 2494
1518 1519
1518 1520
1518 1756
1518 2091
1518 2881
1519 1520
1519 1715
1519 1840
1519 2159
1519 2554
1520 2091
1520 2155
1520 2167
1520 2207
1521 1522
1522 2028
1522 2810
1523 1524
1523 2141
1524 1525
1524 2071
1524 2718
1524 2763
1524 2859
1526 1745
1526 2136
1526 2191
1527 2581
1528 2193
1528 2276
1528 2493
1529 1530
1529 1961
1530 1531
1530 2161
1531 1532
1531 1838
1531 2351
1531 2535
1532 1599
1532 2796
1533 1534
1533 2108
1533 2192
1533 2233
1533 2234
1534 2437
1535 1798
1536 1537
1536 2061
1536 2183
1536 2213
1537 2261
1537 2734
1538 1899
1539 2234
1540 2179
1540 2201
1540 2484
1540 2590
1543 2674
1543 2708
1544 1545
1544 1546
1544 2475
1544 2522
1544 2598
1544 2641
1544 2642
1545 1565
1545 2891
1546 1555
1546 2091
1546 2115
1546 2119
1546 2311
1546 2495
1546 2522
1549 1550
1549 1551
1549 2054
1549 2093
1549 2138
1549 2187
1549 2333
1550 1554
1550 1617
1550 2659
1551 2138
1551 2359
1551 2466
1552 2732
1553 2652
1555 2044
1556 1557
1556 1918
1556 2246
1556 2742
1557 1558
1559 1946
1560 1561
1560 1590
1560 2057
1561 1562
1561 1563
1561 2087
1561 2379
1563 2176
1563 2691
1564 2103
1565 2091
1565 2115
1565 2148
1565 2213
1566 2119
1567 1599
1567 1600
1567 1601
1567 2542
1569 2234
1569 2235
1570 2360
1572 1962
1572 2596
1574 1660
1574 1672
1574 2271
1575 1576
1575 2183
1575 2213
1575 2643
1576 2213
1578 1579
1580 1581
1580 2541
1581 1619
1582 1738
1582 2064
1583 1609
1583 2016
1584 2160
1585 2224
1585 2934
1586 1867
1586 2772
1586 2840
1587 1588
1587 2664
1587 2830
1588 1843
1588 2249
1588 2316
1588 2326
1588 2330
1588 2418
1588 2681
1588 2684
1588 2703
1588 2768
1588 2830
1589 1704
1591 1592
1591 1593
1591 1908
1591 2737
1592 1676
1592 2275
1592 2297
1592 2469
1592 2557
1593 2858
1593 2887
1594 1595
1595 2015
1595 2663
1596 1597
1596 1768
1596 2021
1596 2128
1596 2610
1597 1645
1597 1834
1597 2128
1597 2132
1597 2277
1597 2430
1597 2610
1598 1977
1598 2606
1600 1823
1600 2606
1601 2076
1601 2137
1601 2189
1601 2598
1602 1603
1602 1960
1602 2541
1602 2594
1603 2402
1605 1606
1606 1607
1606 2309
1607 1809
1607 1913
1607 1951
1609 1610
1609 1745
1609 1980
1610 1644
1610 1645
1610 2221
1610 2242
1610 2571
1611 1612
1611 2047
1611 2140
1611 2242
1611 2250
1611 2312
1611 2336
1611 2564
1612 2652
1613 1690
1613 1703
1613 1763
1613 1764
1613 1806
1613 1855
1613 1885
1613 2591
1613 2595
1616 2520
1616 2532
1617 2163
1617 2702
1617 2757
1618 1853
1620 1636
1620 2172
1620 2299
1620 2588
1621 2678
1622 2851
1623 1625
1623 2303
1623 2469
1624 1712
1624 2040
1625 2288
1626 1719
1627 1687
1627 1696
1627 2563
1627 2595
1627 2630
1627 2654
1628 2184
1628 2305
1629 1653
1629 2139
1629 2242
1629 2256
1629 2289
1629 2336
1629 2722
1630 2132
1631 1951
1631 1999
1632 1891
1632 1955
1633 2357
1633 2368
1634 2620
1635 2231
1635 2573
1635 2757
1636 1660
1636 1669
1637 1675
1637 1921
1637 2657
1637 2712
1638 1704
1638 1931
1638 2462
1638 2541
1638 2691
1639 2861
1640 1641
1640 1650
1640 2582
1641 2837
1641 2854
1643 2437
1644 2303
1645 2050
1645 2411
1645 2498
1646 1647
1647 2606
1648 2534
1650 2113
1651 1652
1651 1653
1651 1840
1651 2336
1652 1705
1652 2121
1652 2131
1652 2132
1652 2133
1652 2265
1652 2552
1652 2730
1653 2133
1653 2356
1653 2652
1654 1790
1654 2289
1656 2374
1656 2393
1656 2689
1658 1730
1658 2321
1660 1672
1661 1662
1664 1665
1664 2255
1664 2525
1664 2759
1665 1759
1665 2255
1667 1668
1667 2214
1667 2242
1667 2256
1669 1767
1669 2256
1670 2121
1670 2127
1670 2220
1670 2268
1671 1708
1671 2083
1671 2116
1671 2171
1671 2181
1671 2201
1671 2299
1671 2573
1672 2299
1673 2386
1673 2686
1674 1951
1674 1955
1675 1676
1675 2657
1676 2248
1676 2297
1676 2657
1679 1680
1679 2123
1679 2326
1680 2326
1680 2485
1683 1684
1683 2909
1685 1988
1687 2157
1687 2755
1687 2836
1688 1742
1688 1754
1688 2258
1688 2259
1689 1939
1689 2043
1689 2151
1689 2710
1690 2163
1690 2171
1690 2179
1690 2181
1690 2185
1690 2186
1690 2302
1690 2303
1690 2306
1690 2519
1690 2520
1691 2341
1692 1693
1692 1698
1692 1699
1692 1721
1692 1750
1692 1815
1693 1694
1693 2533
1694 1711
1694 1723
1694 1724
1694 1733
1694 1898
1694 1902
1694 2362
1695 1696
1696 1728
1696 1752
1696 1828
1696 2400
1696 2808
1697 1722
1697 2653
1698 1699
1698 1712
1698 1713
1698 1726
1698 1814
1698 2898
1699 1700
1699 2717
1700 1713
1700 1721
1700 1723
1700 1750
1700 2703
1701 1702
1701 1807
1703 1704
1703 1704
1703 1705
1703 1706
1703 2583
1703 2723
1704 1715
1704 1725
1704 1726
1704 1873
1705 1726
1705 1728
1705 1737
1705 1781
1705 1810
1705 1855
1705 1873
1705 1885
1705 1911
1705 1922
1706 1955
1706 2591
1706 2595
1707 1708
1707 2214
1707 2508
1707 2700
1708 2078
1708 2214
1708 2300
1708 2534
1708 2710
1708 2799
1709 1710
1709 1766
1709 1793
1711 1712
1711 1721
1711 1723
1711 1788
1711 1799
1712 1713
1712 1714
1713 1721
1713 1723
1713 1750
1713 1794
1713 1795
1713 2022
1714 1800
1714 1807
1714 1894
1714 1896
1714 1897
1714 2350
1715 1716
1715 1717
1715 1766
1715 1786
1715 1793
1715 1808
1715 1812
1715 1855
1715 1864
1715 1869
1715 1871
1715 1872
1715 2057
1715 2658
1715 2906
1716 1717
1716 1718
1716 1725
1716 2091
1716 2271
1717 1766
1717 1808
1717 1812
1717 1854
1717 1871
1717 1917
1717 1918
1717 2342
1718 2221
1718 2566
1719 1720
1719 2878
1720 1978
1720 2303
1721 1722
1721 1723
1721 1724
1721 1791
1722 2476
1723 1739
1723 1792
1723 1894
1723 1896
1723 1900
1724 1750
1724 1809
1724 1894
1724 2166
1724 2277
1724 2451
1725 1726
1725 1727
1725 1728
1725 1729
1725 1730
1725 1731
1726 1727
1726 1728
1726 1729
1726 1730
1726 1731
1726 1732
1726 1733
1726 1734
1726 1735
1726 1736
1726 1737
1726 2814
1727 1728
1727 1729
1727 1731
1727 1732
1727 1768
1727 2571
1728 1729
1728 1731
1728 1732
1728 1768
1728 1776
1728 1779
1728 1780
1728 1781
1728 2152
1729 1731
1729 1735
1729 1781
1729 1786
1730 1731
1730 1754
1730 1776
1730 1786
1730 1861
1730 1864
1730 1869
1731 1754
1731 1786
1731 1882
1731 2165
1731 2669
1732 1734
1732 1768
1732 1797
1732 1799
1732 1873
1732 1905
1733 1807
1733 1894
1733 1897
1733 1898
1733 1900
1733 1901
1734 1757
1734 1797
1734 1847
1734 1859
1734 1926
1734 2666
1735 1779
1735 1924
1736 1825
1736 2436
1736 2750
1737 1740
1737 1847
1737 1868
1737 1873
1737 1874
1738 1739
1738 1769
1738 1782
1738 1784
1738 1786
1738 1853
1738 1859
1738 1951
1739 1740
1739 1741
1739 1742
1739 1743
1739 2554
1740 1776
1740 1777
1740 1778
1740 1783
1740 1784
1740 1785
1740 1786
1740 1820
1740 1853
1740 1854
1740 1855
1740 1856
1740 1857
1740 1858
1741 1743
1741 1950
1741 1953
1741 1999
1741 2001
1741 2002
1741 2398
1741 2399
1741 2432
1741 2433
1741 2434
1742 1953
1742 2163
1742 2165
1743 1769
1743 2396
1743 2398
1743 2399
1743 2403
1743 2430
1743 2431
1743 2432
1743 2433
1743 2434
1743 2435
1744 2130
1745 1746
1745 1747
1745 1751
1745 1773
1745 1839
1745 1840
1745 2737
1746 1747
1746 2037
1747 1751
1747 1752
1747 1762
1747 2569
1747 2681
1747 2733
1748 1749
1750 2906
1751 1752
1751 1762
1751 1857
1752 1753
1754 2099
1754 2519
1756 1757
1756 2668
1757 1758
1757 1968
1757 2363
1757 2683
1758 1946
1758 1947
1758 2378
1758 2587
1759 1760
1759 1761
1760 1772
1760 1773
1760 2322
1761 1949
1761 1976
1762 2258
1762 2557
1762 2569
1762 2693
1763 1764
1763 1765
1763 1799
1763 2350
1763 2373
1763 2599
1764 1886
1764 2591
1764 2595
1764 2830
1765 1781
1765 1789
1765 1799
1765 1800
1765 1854
1765 1868
1765 1870
1765 1886
1765 1913
1765 1927
1766 1767
1767 1816
1768 1786
1768 1864
1768 1869
1768 1873
1768 1874
1768 2795
1769 2396
1769 2397
1769 2398
1769 2399
1771 2038
1772 1773
1772 2004
1773 1943
1773 1944
1774 1775
1774 1776
1774 1777
1774 1778
1774 1784
1774 1864
1774 1869
1775 1776
1775 1777
1775 1778
1776 1779
1776 1780
1776 1784
1776 1786
1776 1847
1776 1865
1776 1873
1776 1874
1776 1965
1777 1778
1777 1784
1777 1785
1777 1786
1777 1854
1777 1865
1777 1874
1777 1895
1777 1953
1778 1809
1778 1820
1778 1854
1778 1895
1778 1917
1778 1918
1778 1967
1778 2148
1780 1795
1780 1854
1780 1983
1780 1984
1781 1847
1781 1873
1782 1783
1782 1784
1782 1785
1782 1786
1782 1787
1783 1784
1783 1785
1783 1786
1783 1866
1784 1853
1784 1858
1784 1859
1784 1860
1784 1861
1784 1862
1784 1863
1784 2211
1785 1786
1785 1853
1785 1856
1785 1864
1785 1865
1785 1866
1785 2418
1786 1853
1786 1864
1786 1985
1787 1868
1787 1921
1787 2693
1788 1789
1788 1790
1788 1791
1788 1792
1788 2664
1789 1790
1789 1791
1789 1799
1789 1800
1789 1801
1789 1829
1789 1830
1789 1831
1790 1799
1790 1823
1790 1829
1790 1831
1790 1846
1790 1847
1790 1848
1791 1797
1791 1799
1791 1800
1791 1823
1791 1830
1791 1840
1791 1846
1791 1848
1791 1859
1791 1909
1791 1911
1791 1912
1791 1913
1791 1914
1791 2789
1792 1794
1792 1795
1792 1798
1792 1800
1792 1802
1792 1803
1792 1804
1792 1880
1792 1896
1793 1883
1793 1884
1794 1795
1794 1796
1794 2194
1794 2830
1795 1796
1795 1804
1795 1948
1795 1970
1795 1971
1795 1983
1795 1984
1795 1985
1795 2167
1796 1807
1796 1831
1796 1833
1796 1896
1796 1902
1796 1984
1797 1798
1797 1799
1797 1801
1797 1802
1797 1832
1797 1833
1798 2581
1799 1800
1799 1801
1800 1846
1800 1859
1800 1867
1800 1896
1800 1909
1800 1910
1800 2119
1801 1914
1801 1915
1801 2006
1802 1803
1802 1804
1802 1805
1803 1805
1804 1805
1804 1851
1804 1896
1804 1984
1805 1851
1805 1896
1806 1864
1806 1867
1806 1869
1806 1870
1807 1893
1807 1902
1807 1964
1808 1809
1809 1819
1809 1820
1809 1855
1809 1902
1809 1915
1809 1916
1809 2181
1810 1811
1810 2385
1811 2336
1812 1813
1813 1899
1813 2457
1814 2101
1814 2566
1815 1866
1816 1817
1816 1876
1817 1818
1817 1819
1817 1820
1817 1821
1818 1819
1818 1820
1818 1821
1818 2091
1819 1820
1819 1821
1819 1868
1819 1915
1819 1916
1819 1929
1819 1940
1819 1986
1819 2608
1820 1821
1820 1854
1820 1895
1820 1915
1820 1916
1820 1929
1820 1984
1820 1986
1820 2011
1821 1986
1822 1823
1822 1824
1822 1881
1823 1824
1824 1945
1825 2720
1826 2158
1830 1909
1831 1903
1831 1946
1831 2035
1831 2918
1832 1849
1832 1850
1832 1851
1832 1852
1832 1859
1832 2893
1833 1872
1833 1893
1833 2003
1834 1835
1834 1837
1834 2245
1834 2345
1834 2416
1834 2451
1835 1836
1835 1837
1835 1838
1835 2201
1835 2524
1835 2540
1836 2390
1836 2429
1836 2777
1837 2446
1837 2878
1838 2436
1838 2450
1839 1840
1840 1966
1840 2170
1840 2206
1841 1842
1841 1843
1841 2236
1841 2324
1841 2326
1841 2330
1841 2563
1841 2586
1841 2641
1841 2761
1842 1843
1842 1857
1842 2179
1842 2249
1842 2324
1842 2326
1842 2330
1843 1994
1843 2242
1843 2249
1843 2269
1843 2286
1843 2316
1843 2326
1843 2330
1843 2331
1843 2621
1844 2744
1845 1874
1845 2831
1846 1848
1846 1909
1847 1854
1847 1855
1847 1868
1847 1873
1847 1911
1849 1850
1849 1851
1849 1852
1849 1878
1849 2512
1850 1851
1850 1852
1851 1852
1851 1878
1851 1879
1851 1880
1851 2346
1852 1878
1852 1896
1852 1910
1852 1984
1852 1987
1852 1988
1852 2514
1853 1866
1853 1867
1853 2752
1853 2912
1854 1856
1854 1858
1854 1859
1854 1862
1854 1868
1854 1874
1854 1882
1854 1918
1854 1928
1854 1932
1854 1967
1854 1969
1854 1970
1854 1971
1854 1972
1855 1861
1855 1865
1855 1874
1855 1911
1855 1921
1855 1931
1855 2455
1855 2728
1856 1858
1856 1865
1856 1951
1856 1973
1856 1999
1856 2820
1858 1872
1858 2035
1858 2039
1859 1864
1859 1866
1859 1867
1859 1868
1859 1873
1859 1896
1859 1897
1859 1919
1859 1920
1859 1921
1859 2145
1860 1885
1860 1951
1860 2235
1860 2323
1860 2599
1861 1882
1861 1927
1861 1931
1861 1963
1861 1973
1861 2115
1862 1917
1862 1918
1862 1972
1862 2091
1862 2107
1863 1951
1863 2012
1863 2593
1864 1875
1864 1921
1865 2135
1865 2625
1865 2634
1865 2715
1866 1867
1866 1868
1866 2193
1867 1870
1867 1941
1867 2408
1868 1871
1868 1882
1868 1911
1868 1929
1868 1973
1868 1974
1869 2650
1869 2676
1870 1886
1870 1927
1870 1931
1871 1974
1872 2035
1872 2133
1873 1874
1873 1896
1874 1965
1875 2441
1875 2628
1876 1877
1876 1925
1877 1953
1877 2092
1877 2103
1878 2131
1878 2898
1879 1881
1879 1973
1879 2035
1881 1948
1881 1982
1882 1913
1882 1975
1882 2488
1885 1921
1886 1927
1886 2105
1887 2425
1887 2434
1888 2580
1889 2242
1889 2567
1890 1951
1890 2373
1892 1953
1893 1894
1893 1902
1894 1895
1894 1902
1894 1903
1895 1916
1895 1929
1896 1906
1896 2203
1897 1898
1897 1901
1897 1902
1897 1948
1898 1899
1899 1902
1899 2342
1901 1948
1901 2629
1903 2130
1904 2344
1906 1907
1908 2186
1909 2228
1910 1947
1910 2287
1912 2035
1912 2036
1914 1915
1915 2521
1917 1918
1917 1972
1917 1991
1917 2187
1917 2258
1918 1972
1918 2258
1919 2109
1919 2455
1920 1954
1920 2323
1920 2750
1921 1922
1927 1931
1927 2731
1928 2213
1928 2717
1929 2450
1929 2705
1930 2105
1931 1973
1932 2035
1932 2913
1933 1951
1933 1958
1933 2059
1933 2753
1934 1939
1934 1976
1934 2008
1934 2357
1935 1958
1935 2261
1935 2762
1936 1937
1937 1938
1937 1939
1939 2450
1939 2801
1940 2143
1940 2802
1945 2348
1946 2035
1947 2006
1947 2035
1947 2145
1948 1988
1949 2007
1949 2858
1951 1952
1951 1953
1951 1954
1951 1955
1952 1977
1952 1999
1953 2390
1953 2391
1953 2396
1953 2397
1953 2398
1953 2399
1953 2433
1953 2434
1953 2435
1954 1958
1954 2010
1954 2684
1955 2449
1956 1957
1956 2240
1957 2045
1957 2130
1957 2132
1957 2265
1957 2602
1957 2690
1958 1959
1958 1960
1958 1961
1958 1962
1959 2400
1959 2918
1960 2414
1962 2184
1962 2411
1962 2414
1962 2447
1962 2563
1963 1964
1963 2499
1964 2604
1967 2283
1967 2888
1968 2282
1970 2464
1973 1984
1973 1998
1973 1999
1973 2003
1975 2012
1977 2021
1977 2024
1978 1979
1978 1980
1978 2516
1978 2721
1979 2016
1980 2238
1983 1984
1983 1985
1984 1986
1984 2595
1985 2035
1985 2466
1986 2170
1987 1988
1988 2499
1989 1990
1990 2657
1991 2283
1992 2658
1993 1994
1993 1995
1993 2163
1993 2265
1993 2741
1994 1995
1994 2249
1994 2255
1994 2256
1994 2286
1994 2509
1994 2693
1995 2481
1998 2003
1998 2004
1998 2005
1999 2018
1999 2037
1999 2038
1999 2039
1999 2043
1999 2489
2001 2391
2001 2398
2001 2430
2001 2431
2001 2433
2001 2441
2001 2444
2001 2445
2001 2850
2002 2391
2002 2398
2002 2431
2002 2433
2002 2444
2002 2445
2002 2849
2002 2850
2003 2004
2005 2101
2005 2441
2006 2613
2008 2009
2008 2357
2008 2396
2008 2572
2008 2713
2010 2111
2010 2437
2010 2440
2010 2509
2011 2012
2011 2025
2011 2518
2012 2248
2012 2729
2013 2112
2013 2271
2013 2634
2014 2015
2014 2242
2014 2275
2014 2277
2014 2279
2014 2282
2014 2378
2014 2401
2014 2724
2015 2605
2015 2647
2018 2019
2019 2020
2021 2540
2022 2208
2022 2357
2022 2396
2024 2386
2024 2909
2026 2693
2027 2717
2031 2104
2032 2684
2033 2071
2033 2095
2035 2385
2037 2856
2037 2863
2038 2212
2038 2587
2043 2240
2044 2045
2044 2707
2045 2588
2046 2409
2049 2050
2050 2585
2050 2774
2051 2052
2051 2080
2051 2585
2053 2054
2053 2100
2053 2142
2053 2143
2053 2144
2054 2114
2054 2142
2054 2144
2055 2056
2055 2073
2055 2083
2055 2084
2055 2158
2057 2058
2057 2577
2058 2882
2059 2060
2059 2070
2059 2075
2059 2098
2060 2143
2060 2321
2060 2510
2060 2597
2061 2062
2061 2865
2063 2064
2063 2495
2063 2774
2065 2066
2065 2177
2065 2178
2065 2387
2065 2918
2066 2067
2066 2364
2066 2589
2066 2719
2066 2769
2067 2459
2068 2069
2068 2082
2068 2090
2068 2543
2068 2772
2070 2653
2071 2072
2071 2128
2071 2134
2071 2161
2071 2162
2071 2163
2071 2164
2071 2304
2071 2810
2071 2814
2071 2816
2071 2908
2073 2074
2073 2597
2073 2802
2074 2626
2074 2770
2074 2780
2075 2076
2076 2110
2076 2135
2076 2136
2076 2137
2076 2138
2076 2139
2076 2140
2076 2141
2076 2922
2076 2932
2078 2079
2078 2105
2078 2113
2078 2495
2079 2131
2079 2889
2080 2091
2080 2166
2080 2453
2080 2454
2080 2455
2080 2457
2080 2458
2081 2721
2082 2763
2083 2115
2083 2116
2083 2117
2083 2773
2083 2829
2084 2087
2084 2518
2084 2519
2084 2520
2085 2086
2085 2184
2087 2664
2088 2089
2089 2872
2090 2241
2091 2092
2091 2115
2091 2118
2091 2661
2091 2772
2091 2885
2091 2901
2092 2093
2092 2770
2092 2794
2092 2912
2093 2585
2094 2095
2094 2122
2094 2280
2094 2352
2094 2817
2095 2096
2095 2097
2095 2780
2095 2802
2096 2135
2096 2136
2096 2398
2096 2463
2097 2447
2098 2581
2100 2101
2100 2766
2101 2524
2101 2732
2101 2773
2103 2104
2104 2214
2104 2315
2104 2522
2104 2672
2105 2106
2105 2107
2105 2108
2105 2109
2105 2216
2105 2806
2105 2860
2105 2889
2105 2917
2106 2240
2107 2109
2107 2166
2107 2208
2107 2209
2107 2383
2107 2452
2107 2458
2107 2802
2108 2236
2108 2789
2109 2115
2109 2166
2109 2452
2109 2458
2109 2636
2110 2138
2110 2140
2110 2177
2110 2479
2111 2112
2111 2772
2111 2867
2113 2138
2113 2160
2113 2528
2113 2577
2113 2578
2113 2583
2113 2584
2113 2889
2113 2892
2113 2933
2114 2573
2114 2916
2115 2119
2115 2148
2115 2149
2115 2150
2115 2166
2115 2452
2115 2876
2115 2885
2116 2183
2116 2346
2116 2347
2116 2573
2117 2174
2117 2195
2117 2501
2118 2240
2118 2696
2121 2122
2121 2123
2121 2124
2121 2125
2121 2126
2121 2127
2121 2128
2121 2129
2121 2130
2121 2131
2121 2133
2121 2490
2121 2688
2121 2816
2121 2817
2121 2854
2122 2124
2122 2462
2122 2761
2123 2653
2124 2290
2126 2554
2126 2560
2126 2611
2126 2809
2127 2130
2127 2173
2127 2260
2127 2602
2127 2650
2127 2651
2127 2652
2127 2653
2128 2134
2128 2163
2128 2214
2128 2334
2128 2336
2128 2458
2128 2545
2128 2622
2129 2252
2129 2336
2129 2669
2130 2248
2130 2267
2130 2271
2130 2324
2130 2335
2130 2602
2130 2698
2131 2133
2132 2265
2132 2267
2132 2276
2132 2277
2132 2652
2133 2652
2133 2884
2134 2814
2136 2505
2137 2215
2137 2217
2137 2506
2137 2532
2138 2141
2138 2190
2138 2262
2138 2463
2138 2532
2138 2623
2139 2553
2139 2555
2139 2632
2140 2669
2140 2862
2140 2904
2141 2605
2141 2625
2141 2633
2142 2785
2143 2825
2143 2827
2144 2535
2144 2688
2144 2852
2145 2807
2145 2813
2145 2814
2145 2825
2146 2494
2147 2895
2148 2149
2148 2214
2148 2549
2149 2213
2149 2294
2149 2385
2149 2397
2150 2453
2150 2638
2151 2635
2151 2710
2151 2713
2152 2153
2152 2154
2152 2155
2152 2156
2152 2157
2152 2158
2152 2159
2152 2160
2153 2157
2153 2200
2153 2528
2154 2155
2154 2156
2154 2158
2154 2167
2154 2197
2154 2198
2154 2199
2155 2158
2155 2167
2155 2173
2155 2179
2155 2206
2155 2207
2157 2179
2157 2304
2157 2484
2157 2561
2158 2160
2158 2167
2159 2304
2159 2478
2160 2598
2162 2241
2162 2664
2163 2165
2163 2331
2163 2551
2163 2552
2163 2553
2163 2554
2163 2555
2163 2559
2164 2257
2164 2263
2164 2266
2164 2269
2164 2331
2165 2221
2165 2247
2165 2257
2165 2260
2165 2360
2165 2382
2165 2668
2166 2855
2166 2860
2167 2168
2167 2169
2167 2170
2167 2172
2167 2398
2167 2476
2167 2892
2168 2263
2169 2235
2169 2828
2170 2722
2171 2184
2171 2269
2171 2305
2171 2321
2171 2478
2171 2810
2172 2174
2172 2320
2172 2540
2172 2573
2172 2581
2172 2913
2172 2933
2173 2174
2173 2175
2173 2176
2174 2175
2174 2176
2174 2193
2174 2201
2174 2223
2174 2224
2174 2229
2174 2539
2174 2590
2175 2195
2175 2550
2175 2701
2175 2754
2175 2763
2176 2889
2177 2178
2177 2261
2179 2180
2179 2181
2179 2182
2179 2183
2179 2184
2179 2185
2179 2186
2179 2394
2179 2484
2179 2512
2179 2514
2179 2528
2179 2538
2179 2778
2179 2862
2179 2890
2180 2538
2181 2184
2181 2562
2182 2484
2182 2528
2183 2567
2184 2186
2184 2305
2184 2414
2184 2478
2184 2738
2186 2249
2186 2325
2186 2326
2186 2478
2186 2563
2186 2681
2186 2682
2186 2698
2189 2190
2190 2565
2190 2922
2190 2931
2191 2192
2191 2316
2193 2194
2193 2195
2193 2196
2193 2391
2194 2203
2194 2237
2194 2238
2194 2540
2195 2483
2195 2539
2196 2295
2196 2723
2199 2285
2199 2558
2199 2858
2200 2484
2201 2202
2201 2203
2201 2204
2203 2262
2203 2304
2203 2897
2204 2350
2204 2540
2205 2772
2205 2808
2206 2207
2208 2535
2210 2604
2210 2671
2212 2213
2212 2388
2214 2324
2214 2522
2214 2537
2214 2555
2215 2216
2215 2217
2215 2479
2216 2333
2216 2336
2216 2610
2217 2265
2217 2652
2219 2222
2219 2622
2219 2635
2219 2814
2220 2222
2220 2560
2220 2622
2220 2667
2221 2248
2221 2258
2221 2259
2221 2260
2221 2738
2222 2560
2222 2613
2222 2822
2223 2224
2223 2225
2223 2226
2223 2891
2224 2225
2224 2226
2224 2227
2224 2228
2225 2226
2225 2229
2225 2293
2225 2567
2225 2639
2226 2294
2227 2687
2228 2657
2228 2709
2229 2230
2229 2231
2229 2452
2229 2600
2230 2231
2230 2290
2230 2294
2231 2658
2231 2670
2231 2705
2231 2706
2231 2707
2231 2791
2232 2356
2232 2541
2235 2597
2237 2780
2238 2320
2240 2361
2240 2424
2240 2649
2241 2545
2241 2546
2241 2547
2241 2807
2242 2253
2242 2258
2242 2259
2242 2261
2242 2277
2242 2278
2242 2283
2242 2814
2244 2394
2246 2330
2246 2635
2248 2261
2248 2507
2248 2509
2249 2269
2249 2325
2249 2331
2249 2332
2249 2684
2249 2703
2250 2333
2251 2622
2252 2284
2252 2327
2252 2502
2253 2710
2254 2536
2256 2265
2256 2274
2256 2275
2256 2277
2256 2278
2256 2279
2256 2283
2256 2285
2256 2286
2256 2289
2256 2377
2256 2378
2256 2379
2256 2380
2256 2381
2257 2269
2257 2558
2258 2259
2258 2509
2258 2635
2258 2693
2259 2263
2259 2353
2259 2509
2259 2613
2260 2556
2260 2693
2261 2418
2262 2693
2262 2930
2263 2266
2264 2554
2264 2896
2265 2278
2265 2285
2265 2336
2265 2379
2265 2652
2265 2722
2265 2727
2265 2732
2268 2398
2268 2552
2269 2326
2269 2330
2269 2331
2269 2332
2271 2588
2271 2635
2272 2346
2272 2652
2273 2283
2274 2285
2274 2755
2275 2379
2275 2380
2275 2842
2275 2851
2276 2724
2276 2842
2276 2874
2277 2555
2277 2698
2279 2814
2282 2284
2282 2575
2282 2836
2283 2338
2284 2343
2284 2841
2285 2380
2285 2498
2285 2836
2287 2309
2288 2356
2289 2338
2290 2541
2290 2664
2291 2328
2291 2654
2291 2684
2291 2687
2292 2293
2292 2494
2293 2294
2293 2295
2296 2577
2298 2353
2298 2745
2299 2374
2299 2496
2300 2301
2300 2534
2300 2710
2301 2302
2301 2303
2301 2304
2301 2305
2301 2306
2301 2307
2301 2308
2301 2478
2301 2562
2303 2305
2303 2306
2304 2305
2304 2361
2305 2306
2305 2478
2306 2703
2308 2314
2308 2562
2311 2315
2311 2712
2312 2429
2312 2604
2312 2675
2313 2314
2313 2563
2313 2655
2315 2316
2315 2772
2316 2366
2316 2703
2317 2318
2317 2496
2318 2905
2320 2321
2320 2591
2320 2653
2321 2323
2321 2461
2321 2598
2321 2672
2322 2674
2322 2727
2323 2542
2324 2325
2324 2704
2325 2326
2325 2330
2325 2331
2325 2647
2325 2682
2326 2328
2326 2329
2326 2684
2326 2703
2327 2329
2327 2330
2327 2703
2328 2330
2328 2348
2328 2647
2328 2740
2330 2431
2330 2519
2330 2520
2330 2703
2331 2655
2331 2883
2331 2925
2333 2336
2333 2622
2334 2336
2334 2553
2335 2552
2335 2602
2335 2712
2335 2817
2335 2936
2336 2337
2336 2338
2336 2339
2336 2553
2338 2652
2338 2715
2340 2568
2340 2580
2340 2657
2340 2924
2341 2342
2342 2368
2343 2344
2344 2345
2344 2622
2347 2730
2347 2739
2348 2731
2348 2740
2348 2812
2350 2581
2351 2355
2351 2430
2352 2355
2353 2549
2354 2357
2354 2906
2355 2656
2356 2377
2356 2392
2356 2758
2357 2374
2357 2375
2361 2394
2362 2660
2365 2594
2366 2428
2367 2917
2368 2369
2370 2489
2370 2623
2370 2723
2374 2375
2376 2540
2378 2542
2380 2564
2382 2652
2384 2505
2388 2432
2391 2433
2391 2908
2396 2432
2396 2433
2398 2779
2399 2552
2400 2410
2400 2429
2401 2402
2401 2415
2402 2403
2403 2415
2404 2405
2406 2407
2408 2409
2408 2412
2408 2428
2408 2485
2410 2411
2410 2573
2411 2416
2411 2417
2411 2429
2411 2634
2411 2759
2412 2413
2412 2891
2415 2416
2415 2417
2416 2438
2417 2438
2417 2450
2418 2419
2418 2692
2419 2734
2420 2421
2420 2744
2422 2423
2424 2425
2426 2427
2427 2528
2427 2871
2429 2513
2430 2431
2430 2441
2430 2442
2430 2443
2430 2445
2431 2445
2431 2450
2431 2848
2431 2849
2438 2439
2439 2677
2439 2907
2441 2808
2442 2659
2443 2920
2445 2446
2447 2448
2447 2449
2447 2450
2448 2451
2448 2688
2449 2761
2450 2848
2450 2851
2452 2453
2452 2454
2452 2455
2452 2456
2452 2860
2453 2464
2453 2492
2453 2736
2453 2876
2454 2455
2454 2459
2454 2492
2455 2458
2456 2785
2458 2817
2458 2860
2460 2461
2460 2508
2460 2510
2460 2511
2460 2803
2462 2772
2463 2490
2463 2495
2463 2545
2463 2669
2463 2785
2463 2922
2465 2466
2465 2772
2466 2524
2466 2827
2467 2468
2467 2490
2467 2803
2467 2816
2469 2816
2470 2471
2470 2473
2470 2780
2471 2914
2474 2475
2474 2715
2475 2841
2476 2477
2476 2508
2476 2774
2476 2802
2476 2897
2477 2478
2477 2663
2477 2804
2477 2897
2478 2484
2478 2517
2478 2745
2478 2802
2479 2480
2479 2481
2480 2486
2480 2814
2484 2485
2484 2890
2485 2582
2486 2487
2486 2488
2486 2908
2489 2808
2490 2491
2492 2494
2492 2787
2493 2552
2495 2496
2495 2785
2495 2889
2499 2500
2499 2526
2500 2599
2504 2599
2507 2508
2507 2509
2507 2861
2510 2513
2510 2668
2510 2807
2515 2516
2515 2817
2519 2520
2519 2683
2519 2684
2519 2685
2520 2685
2521 2522
2522 2805
2523 2524
2524 2525
2524 2827
2524 2853
2525 2893
2527 2893
2527 2916
2527 2917
2528 2529
2528 2530
2528 2890
2529 2825
2532 2564
2532 2922
2533 2534
2533 2906
2534 2537
2534 2574
2536 2537
2538 2539
2538 2541
2538 2542
2540 2578
2541 2542
2541 2618
2541 2664
2541 2919
2543 2772
2545 2546
2545 2547
2545 2858
2546 2547
2546 2858
2548 2881
2549 2881
2550 2723
2552 2601
2552 2602
2554 2611
2554 2666
2555 2622
2555 2757
2556 2668
2560 2666
2560 2685
2560 2807
2560 2830
2562 2563
2563 2654
2564 2726
2564 2727
2565 2633
2565 2808
2567 2568
2567 2569
2567 2570
2567 2571
2567 2862
2567 2864
2567 2891
2567 2899
2568 2569
2569 2618
2569 2639
2572 2722
2572 2750
2573 2574
2573 2575
2573 2576
2573 2717
2573 2892
2574 2693
2578 2582
2578 2773
2578 2809
2580 2660
2581 2662
2584 2898
2586 2587
2586 2930
2588 2589
2589 2597
2591 2592
2591 2593
2591 2596
2591 2669
2591 2892
2591 2936
2592 2598
2592 2617
2594 2595
2594 2691
2594 2701
2595 2629
2596 2630
2597 2863
2597 2871
2597 2920
2599 2919
2603 2933
2604 2605
2604 2675
2604 2677
2606 2607
2606 2608
2606 2609
2610 2903
2611 2666
2612 2695
2613 2614
2614 2671
2616 2737
2622 2874
2623 2652
2624 2625
2624 2634
2624 2794
2635 2870
2638 2912
2639 2671
2642 2935
2648 2649
2651 2652
2652 2722
2652 2723
2652 2724
2654 2677
2654 2699
2655 2656
2656 2678
2656 2709
2656 2770
2657 2658
2660 2691
2661 2662
2662 2935
2664 2665
2667 2835
2670 2671
2679 2703
2681 2682
2681 2684
2681 2704
2684 2703
2688 2689
2689 2690
2693 2694
2693 2695
2694 2737
2694 2919
2695 2737
2706 2707
2709 2741
2710 2713
2710 2714
2712 2725
2715 2716
2717 2718
2718 2816
2720 2912
2722 2836
2723 2725
2723 2837
2725 2837
2728 2757
2731 2919
2735 2736
2743 2784
2743 2875
2770 2783
2771 2772
2774 2775
2775 2778
2775 2790
2775 2814
2775 2818
2775 2819
2775 2820
2775 2829
2776 2777
2776 2779
2776 2793
2780 2781
2780 2782
2781 2794
2781 2802
2783 2784
2785 2786
2787 2788
2788 2789
2790 2791
2790 2796
2790 2797
2790 2798
2792 2905
2793 2803
2799 2800
2799 2801
2808 2813
2808 2901
2808 2931
2809 2854
2810 2811
2812 2813
2815 2929
2821 2822
2822 2823
2823 2837
2824 2825
2840 2900
2875 2879
2886 2935
2889 2926
